Genus	10	11	1	12	13	14	15	16	17	18	19	20	21	22	2	23	24	25	26	27	28	29	30	31	32	33	3	34	35	36	4	5	6	7	8	9
Bacteroides	8	0	0	0	0	5	0	0	0	0	24	0	0	0	0	0	0	0	9	0	0	0	0	6	0	0	0	0	0	0	0	0	0	13	0	0
Lachnospira	0	0	0	0	0	0	0	0	0	0	7	0	0	0	0	0	0	0	0	0	0	0	0	0	0	0	0	0	0	0	0	0	0	0	0	0
Cytophaga	0	0	0	0	0	0	0	60	0	41	10	13	0	131	0	0	0	0	0	0	0	21	22	0	9	0	0	0	5	7	0	6	0	0	0	0
SM1A02	0	0	9	16	30	0	0	0	0	0	36	28	14	20	20	0	12	64	20	5	0	6	0	20	5	16	3	33	47	120	38	32	9	0	0	0
I-8	0	0	0	0	15	0	0	5	0	0	0	0	0	33	0	0	14	0	0	0	0	0	0	17	0	0	0	0	0	0	0	0	0	0	0	0
Sphaerobacter	0	0	0	6	0	0	0	0	0	0	0	0	0	0	0	0	0	0	0	0	0	0	0	0	0	0	0	0	0	0	0	0	0	0	0	0
Candidatus Omnitrophus	35	0	6	0	18	0	10	34	0	0	30	75	48	27	0	38	42	11	0	13	0	0	7	0	7	6	0	7	9	0	0	0	0	0	0	0
Aquihabitans	154	0	30	0	0	82	52	0	0	0	0	0	0	0	0	0	39	0	29	0	0	0	35	0	0	12	0	0	0	0	130	0	20	0	0	46
Teretinema	0	0	0	0	0	0	0	0	0	0	0	0	0	0	0	0	0	0	0	0	0	0	0	0	0	0	0	0	0	0	0	0	0	5	0	0
Salinispira	0	0	0	7	0	0	0	0	0	0	0	0	0	0	0	0	0	0	0	0	0	4	0	0	21	0	0	25	0	31	0	0	0	0	0	0
Spirochaeta 2	43	103	0	41	0	0	10	16	0	11	0	0	0	0	30	0	0	25	0	25	0	26	3	19	35	0	14	79	28	143	11	26	7	31	21	0
Spirochaeta	0	0	12	0	0	0	0	0	0	0	0	0	0	0	0	0	0	0	0	0	0	0	0	8	0	0	0	0	0	0	0	0	0	70	30	0
Methanosarcina	0	7	0	0	0	0	0	0	0	0	0	0	0	0	0	0	0	0	0	0	0	0	0	0	0	0	0	0	0	0	0	0	0	0	0	0
Paludibaculum	335	73	118	0	97	67	14	0	0	0	0	0	51	141	40	0	0	79	53	0	44	37	41	63	0	56	64	0	30	81	130	196	90	95	97	132
Vulgatibacter	0	0	24	0	0	0	0	0	0	0	0	0	0	0	0	0	0	0	0	0	0	2	0	0	0	0	0	17	5	0	0	0	0	0	0	0
Phycisphaera	0	0	0	0	0	2	0	0	0	28	0	0	0	0	0	0	12	0	0	0	0	0	23	0	11	0	0	0	0	0	0	0	0	0	0	0
Tepidisphaera	0	0	41	12	0	0	0	0	0	0	17	0	0	64	0	0	11	0	0	0	0	0	0	0	0	9	15	0	0	0	0	21	0	0	13	0
AKYG587	0	0	32	0	0	23	0	0	0	0	0	0	0	0	0	0	0	0	5	0	0	0	0	0	0	0	0	0	0	9	0	0	0	0	0	25
CL500-3	390	146	104	156	18	82	68	0	0	0	0	0	0	55	18	0	0	13	0	0	0	0	20	16	33	39	102	32	29	0	202	208	40	175	69	83
Nitrospira	11	23	108	41	220	0	0	275	0	74	412	920	696	134	14	427	226	0	0	0	0	16	0	21	0	0	0	0	0	0	13	37	25	212	50	71
Dinghuibacter	0	0	0	37	18	8	14	0	0	50	0	0	16	116	0	0	18	0	0	26	0	0	0	0	0	0	0	0	0	12	0	0	5	47	18	0
Terrimonas	595	436	691	514	558	459	473	291	123	180	132	230	79	488	242	200	581	515	377	389	640	445	633	242	338	735	375	1132	575	495	878	1135	827	724	810	697
Niastella	0	5	69	23	39	98	0	0	0	101	42	560	143	34	0	48	67	0	0	0	0	37	0	16	30	12	55	31	24	32	40	0	58	69	76	54
Haliscomenobacter	0	0	0	0	39	0	3	27	16	0	20	39	12	20	14	11	14	0	0	0	0	0	0	0	0	0	45	0	0	0	0	30	0	7	0	0
Ferruginibacter	312	93	88	107	163	66	123	15	0	74	0	23	0	132	92	108	106	24	61	78	227	191	103	0	64	258	94	261	0	47	146	54	22	53	270	107
Aurantisolimonas	0	0	0	5	175	0	0	450	159	136	70	197	0	153	0	194	45	7	0	15	0	0	35	18	12	0	0	0	0	0	0	0	0	0	0	0
Sediminibacterium	44	60	18	179	42	72	15	14	0	0	8	0	0	47	39	0	23	32	73	45	0	19	66	0	0	50	17	25	107	0	23	15	192	36	147	39
Gynurincola	0	0	0	1	0	0	0	0	0	0	0	0	12	0	0	8	0	0	0	0	0	0	0	0	0	0	0	0	0	0	16	27	0	0	18	0
Niabella	0	0	0	0	0	0	0	0	63	41	0	0	48	17	0	43	0	0	0	0	0	0	0	0	0	0	0	0	0	0	0	0	0	0	0	0
Puia	0	0	0	0	16	0	80	0	0	0	0	52	0	214	0	0	0	13	0	0	68	90	38	64	21	63	0	0	0	0	0	0	0	0	0	0
Panacibacter	0	0	0	0	44	0	0	52	65	48	37	0	14	330	0	79	160	0	0	0	0	0	0	0	0	0	0	0	0	0	0	0	0	0	0	0
Chitinophaga	29	37	15	0	0	49	42	25	67	82	0	29	40	18	0	103	0	60	103	131	21	32	0	0	0	0	15	210	42	136	0	0	11	67	45	0
Flavisolibacter	0	0	0	0	35	0	0	0	0	23	0	17	0	0	0	41	0	0	0	0	0	0	0	0	0	0	0	0	0	86	0	0	0	0	0	0
Segetibacter	0	0	0	0	0	0	0	0	0	0	0	66	0	0	0	0	0	0	0	0	0	0	0	0	0	0	0	0	0	0	0	0	0	0	0	0
Lacibacter	0	0	0	6	125	108	20	195	93	218	126	245	265	310	0	207	690	0	10	0	0	0	0	30	0	9	0	9	0	0	8	22	0	0	69	18
Solitalea	0	0	0	7	0	0	0	0	0	0	0	0	0	0	0	8	10	0	0	0	0	0	0	0	0	0	0	0	0	0	0	18	0	0	0	0
Parafilimonas	0	0	0	0	0	0	0	0	0	25	0	0	0	47	0	0	0	0	0	17	0	0	0	0	0	10	0	0	0	0	0	0	0	0	0	0
Flavitalea	20	47	100	84	0	0	23	0	0	0	0	0	0	0	24	0	0	56	38	65	25	46	35	0	0	0	39	58	42	134	90	57	65	73	66	60
Paraflavitalea	0	0	0	0	0	0	0	0	0	0	0	0	0	0	0	0	0	34	67	0	0	0	0	0	0	0	0	0	0	0	0	0	0	0	0	0
UTBCD1	0	0	0	0	0	0	0	75	0	0	0	50	86	0	0	0	0	0	0	0	0	0	0	0	0	0	0	0	0	0	0	0	0	0	0	0
Flavihumibacter	0	0	15	38	25	0	0	36	0	38	30	0	0	569	0	0	0	0	0	42	0	0	0	0	0	0	0	0	0	22	0	0	0	0	0	0
Agriterribacter	0	25	0	19	149	0	10	0	0	0	0	0	0	33	0	0	0	27	75	36	0	45	22	0	0	0	0	0	19	60	35	20	47	59	90	12
Pseudoflavitalea	10	0	0	0	0	0	0	0	0	0	0	0	0	0	0	0	0	0	0	0	0	0	0	0	0	0	0	0	0	0	0	0	0	0	0	0
Parasegetibacter	0	0	0	0	0	0	0	0	0	0	0	0	0	48	0	0	0	0	0	0	0	0	0	0	0	0	0	0	0	0	0	0	0	0	0	0
Phaeodactylibacter	9	0	0	0	44	18	0	76	0	65	57	96	101	147	46	175	285	59	0	39	0	0	0	0	0	36	0	123	88	142	0	36	0	77	105	31
Pedobacter	0	0	31	0	16	121	108	16	0	0	11	0	0	23	0	0	0	0	0	0	0	0	0	0	0	83	18	12	0	0	0	35	74	0	26	0
Daejeonella	0	0	0	20	0	35	0	0	0	0	0	0	0	0	0	0	0	0	12	0	0	0	0	0	0	0	0	0	0	36	32	0	0	0	0	0
Sphingobacterium	0	0	0	0	0	0	0	0	0	0	0	0	0	0	0	0	0	0	0	0	0	0	5	0	0	0	0	0	0	0	0	0	0	0	0	0
Aureispira	0	0	0	0	0	0	0	0	0	0	0	0	0	4	0	0	0	0	0	0	0	0	0	0	0	0	0	0	0	0	0	0	0	0	0	0
Mucilaginibacter	11	0	0	0	0	10	0	0	0	0	0	0	0	0	0	5	0	0	13	0	0	0	49	0	0	0	0	44	23	0	14	0	17	0	0	29
Arcticibacter	0	0	0	0	0	0	0	0	0	10	0	0	0	0	0	0	0	0	0	20	0	0	0	0	0	0	0	21	0	38	0	0	0	0	0	0
TM7a	28	43	92	47	85	160	0	73	0	151	0	35	0	0	158	69	321	27	26	34	15	0	39	0	0	29	125	38	54	0	108	144	86	93	251	54
Aggregatilinea	0	0	301	0	0	120	0	0	0	0	0	0	0	0	0	0	0	0	0	0	0	0	0	0	0	0	0	0	0	0	76	0	0	0	0	22
Anaerolinea	0	12	30	11	0	28	0	0	0	0	0	0	0	0	0	0	0	0	0	0	0	0	0	0	0	18	0	0	0	0	11	7	29	60	14	0
Bdellovibrio	0	0	0	29	23	0	22	24	0	0	0	0	0	25	0	67	49	0	0	0	0	0	0	0	23	0	0	0	0	0	19	0	38	13	0	0
Pseudobdellovibrio	0	0	0	26	21	0	0	0	0	0	0	0	0	0	0	0	13	0	10	0	0	0	0	13	0	0	18	0	0	0	0	0	0	0	0	0
UTCFX1	0	0	37	0	0	0	0	0	0	0	0	0	0	0	0	0	0	0	0	0	0	0	0	235	0	90	0	0	0	0	33	38	0	39	0	28
Oligoflexus	0	0	0	0	0	0	0	0	0	0	0	0	0	11	12	0	0	36	0	0	0	0	0	0	0	0	0	0	0	0	0	0	0	0	0	25
Peredibacter	13	32	24	0	4	0	0	0	0	14	0	0	14	40	0	0	15	15	0	0	0	0	0	0	0	0	20	0	0	0	22	29	0	0	0	12
Vampirovibrio	0	0	0	0	0	0	0	0	0	0	0	0	0	0	0	0	0	0	0	0	0	0	0	0	0	0	0	0	0	0	0	17	0	0	0	0
Sphingobium	40	0	0	71	0	0	0	105	0	0	0	0	20	126	25	0	87	0	0	0	0	0	0	0	118	73	74	0	0	0	86	40	166	67	79	0
Rhodomicrobium	0	15	29	0	0	0	0	0	0	0	0	94	0	0	0	0	0	0	0	0	0	0	0	0	0	0	0	0	0	0	0	0	0	0	0	0
Pseudorhodoplanes	0	35	0	57	0	0	119	0	0	0	0	0	0	48	26	0	0	89	46	58	0	0	47	0	43	21	0	0	0	32	118	0	51	190	13	0
Bauldia	337	68	269	184	41	114	658	24	0	54	0	94	50	55	87	134	79	194	175	132	176	124	410	57	95	564	176	370	201	481	157	52	39	94	79	0
Thermomonas	0	0	0	0	0	0	0	0	0	49	0	0	0	0	0	0	0	0	0	27	0	0	0	0	0	0	0	0	0	24	0	0	0	0	0	0
Arenimonas	0	0	92	303	0	170	86	8	0	90	0	0	17	691	109	83	277	35	50	105	0	0	245	0	0	0	82	86	0	0	0	251	123	31	160	41
Pseudoxanthomonas	0	53	160	166	7	0	0	0	137	43	97	65	50	71	0	75	144	109	190	0	0	0	0	0	0	0	120	0	0	82	99	51	69	59	165	31
Chryseotalea	473	94	568	75	477	486	800	122	99	88	188	286	220	440	47	207	331	611	323	541	591	294	588	118	248	455	107	817	404	1037	529	232	267	71	139	187
Rhodoplanes	53	143	56	76	58	67	81	0	0	8	0	0	0	42	117	0	16	191	123	124	69	52	167	0	16	51	131	80	212	71	73	121	89	35	45	0
OLB12	121	0	0	0	80	70	65	137	115	95	212	163	232	314	0	137	135	0	0	0	0	0	29	64	57	0	0	18	0	21	21	270	37	14	18	15
Hassallia	90	27	223	112	73	307	340	36	46	127	43	28	18	482	36	76	52	100	48	181	140	147	394	110	154	110	74	105	47	88	344	325	455	16	169	133
Ohtaekwangia	202	34	309	280	138	238	484	209	66	231	76	121	29	315	37	101	629	304	178	89	393	292	453	332	213	222	189	171	283	146	251	233	460	147	401	329
Algoriphagus	0	0	58	283	10	256	45	0	59	93	27	0	14	54	123	0	0	0	0	16	0	0	17	23	0	0	37	0	0	0	0	108	54	0	105	0
Emticicia	21	0	16	0	18	11	0	78	63	91	0	0	41	37	0	86	105	0	0	0	0	0	0	0	0	19	0	0	15	15	6	0	16	8	0	0
Adhaeribacter	0	0	0	0	0	0	0	0	0	0	0	0	0	42	0	0	0	0	0	33	0	0	0	0	0	0	0	0	6	0	0	0	0	0	0	0
Pseudarcicella	0	0	0	0	0	0	0	0	0	0	0	0	0	0	0	0	0	0	0	0	0	0	0	0	4	0	0	0	0	0	0	0	0	0	0	0
Spirosoma	0	0	0	0	0	0	0	0	0	0	0	0	0	0	0	0	15	0	0	0	0	0	0	0	0	0	0	0	0	0	0	0	0	0	0	0
Siphonobacter	0	0	0	0	0	0	0	0	0	0	0	0	0	6	0	0	0	0	0	0	0	0	0	0	0	0	0	0	0	0	0	0	0	0	0	0
Lacihabitans	0	0	0	0	55	0	0	99	0	12	0	0	0	174	0	24	0	0	0	0	0	0	0	0	0	0	0	0	0	0	0	0	0	0	19	0
Huanghella	0	0	0	0	0	0	0	0	0	0	0	0	35	0	0	0	0	0	0	0	0	0	0	0	0	0	0	0	0	0	0	0	0	0	0	0
Imperialibacter	13	0	0	12	45	0	18	0	0	0	0	0	8	28	0	0	0	26	7	0	0	0	0	0	0	0	17	28	52	36	14	0	0	6	0	0
Arcicella	0	0	0	0	27	0	0	76	0	11	0	0	28	110	0	31	29	0	0	0	0	0	0	0	0	0	0	0	0	0	0	0	5	0	0	0
Runella	0	0	0	0	0	0	0	0	0	0	0	0	0	0	0	0	15	0	0	0	0	0	0	0	0	0	0	0	0	0	0	0	0	0	0	0
Persicitalea	0	0	0	0	0	0	0	0	0	0	0	0	0	0	0	0	26	0	0	0	0	0	0	0	0	0	0	0	0	0	0	0	0	0	0	0
Dyadobacter	0	0	86	22	39	0	28	42	0	20	16	0	0	56	0	70	207	0	0	0	0	0	14	0	0	0	15	0	0	0	37	0	24	0	0	0
Sporocytophaga	0	0	0	0	0	0	0	12	0	0	0	0	0	10	0	0	0	0	0	0	0	0	0	0	0	0	0	0	0	0	0	0	0	0	0	0
Chryseolinea	61	43	273	217	211	57	386	57	168	56	66	59	121	347	77	72	81	26	149	121	349	541	356	327	527	145	72	0	0	39	134	215	190	198	230	71
Marinoscillum	0	29	23	9	0	0	35	0	0	0	0	0	0	0	0	0	0	57	3	0	21	41	0	12	0	0	0	0	150	166	0	12	0	0	0	0
Ekhidna	0	0	0	0	0	9	0	0	0	0	0	0	0	0	0	0	0	0	0	0	0	0	0	0	0	0	0	0	0	0	0	0	0	0	0	0
Neobacillus	0	0	0	0	0	0	0	0	0	0	0	0	0	0	0	0	0	0	160	67	0	0	0	0	0	0	19	0	0	0	0	0	0	0	0	0
Lysinibacillus	79	41	68	49	0	0	0	0	0	0	0	0	0	0	0	0	0	0	0	0	0	0	0	0	24	0	115	23	0	0	0	0	0	0	0	0
Ureibacillus	0	0	0	0	0	0	0	0	0	0	0	0	0	0	0	0	0	0	0	0	0	0	26	0	0	0	5	0	0	0	0	0	0	0	23	0
Ammoniphilus	0	0	0	0	0	0	0	0	0	11	0	0	0	0	0	0	0	0	66	0	0	0	0	0	0	0	0	0	0	0	0	0	0	0	0	0
Tumebacillus	0	10	0	0	0	0	0	0	0	7	0	0	0	0	0	0	0	26	171	0	0	0	0	0	0	0	114	0	0	29	0	0	0	0	0	0
Peribacillus	0	0	0	0	0	0	0	0	0	0	0	28	0	0	0	0	0	0	0	0	0	0	0	0	0	0	0	0	32	0	0	0	0	0	0	0
Mesobacillus	35	0	0	0	40	0	0	0	0	0	0	0	0	45	0	114	95	0	0	0	0	0	0	0	0	0	31	0	0	0	0	0	0	0	0	0
Litchfieldia	0	0	0	0	0	0	0	0	0	0	0	0	0	0	0	0	0	16	0	0	0	0	0	0	0	0	0	0	0	0	0	0	0	0	0	0
Ferdinandcohnia	19	0	0	0	0	0	0	0	0	0	0	0	0	0	0	0	0	0	0	12	0	0	0	0	0	0	0	0	0	0	0	0	0	0	0	0
Domibacillus	0	0	16	0	0	0	0	0	0	0	0	0	0	0	0	0	0	0	0	0	0	0	0	0	0	0	0	0	0	0	0	0	0	0	0	0
Priestia	0	0	0	0	0	0	0	0	0	0	0	0	0	0	0	7	26	0	0	0	0	0	0	0	0	0	0	0	0	0	0	0	0	0	0	0
Niallia	26	44	31	48	0	0	0	0	0	0	0	0	0	0	0	0	0	51	51	0	0	0	0	0	0	0	38	0	0	0	0	0	0	0	0	0
Vulcanibacillus	0	0	0	0	0	0	0	0	0	0	67	0	0	0	0	0	0	0	0	0	0	0	0	0	0	0	0	0	0	0	0	0	0	0	0	0
Geobacillus	8	12	0	12	0	26	0	0	0	0	0	0	0	0	0	0	0	0	0	0	0	0	0	0	0	17	0	23	0	0	36	0	15	34	21	0
Parageobacillus	19	23	22	26	0	27	0	0	0	0	0	0	0	5	0	0	0	25	18	20	0	0	0	0	27	15	25	21	0	22	20	0	0	44	0	0
Planifilum	0	0	0	0	0	0	0	0	0	0	0	0	0	0	0	0	0	0	0	6	0	0	0	0	0	0	0	0	0	0	0	0	0	12	0	0
Pullulanibacillus	0	0	0	0	0	0	0	0	0	0	0	0	0	0	0	0	38	0	0	0	0	0	0	0	0	0	0	0	0	0	0	0	0	0	0	0
Fictibacillus	0	0	0	0	0	0	0	0	0	0	0	0	0	8	0	18	30	0	0	0	0	0	0	0	0	0	0	0	0	0	0	0	0	0	0	0
CL500-29 marine group	41	51	0	0	113	0	0	21	56	122	39	20	29	0	0	0	0	0	17	25	0	0	43	0	18	42	0	0	0	0	0	0	0	72	59	0
Phenylobacterium	0	66	0	78	77	0	70	0	0	44	0	60	34	27	34	0	99	83	111	102	0	0	0	60	142	53	102	99	64	184	51	37	156	54	110	0
Acidiferrimicrobium	49	0	57	18	132	62	608	0	0	89	0	91	140	121	0	375	173	25	75	20	65	54	396	61	152	138	64	120	68	0	0	29	53	0	13	0
SWB02	56	90	293	414	294	333	2927	171	68	136	296	291	360	366	203	229	336	1514	1006	983	2252	1714	2165	956	1030	1459	236	1625	1143	782	922	375	434	531	484	247
Parvibaculum	0	66	0	13	0	0	0	0	0	0	0	0	0	0	0	0	0	16	0	0	0	10	0	0	0	0	0	43	0	43	0	0	0	0	0	0
Luteitalea	9	21	38	24	15	25	8	9	48	33	25	30	52	62	7	23	77	0	0	3	0	0	0	0	8	0	6	0	0	8	49	23	12	37	24	9
Vicinamibacter	0	7	0	0	0	0	0	0	0	0	0	0	0	0	0	0	0	0	0	0	0	0	9	0	0	0	0	25	0	0	0	0	0	0	0	0
Hydrogenispora	0	30	18	50	0	36	0	0	0	0	0	0	0	0	0	0	0	10	20	0	0	21	0	9	14	0	0	0	0	69	0	19	0	0	55	0
BBMC-4	0	4	0	0	0	13	0	0	0	0	0	0	0	0	0	0	0	0	0	0	0	0	0	0	0	0	0	0	0	0	0	0	5	9	7	0
possible genus 04	0	0	0	0	48	15	0	28	0	15	0	110	0	425	0	33	47	0	0	36	0	0	18	16	0	16	19	27	0	0	0	0	0	0	0	0
Luteolibacter	42	24	71	130	137	266	73	370	115	225	164	124	150	1057	0	142	69	56	18	59	0	0	136	23	187	45	27	0	50	42	105	152	167	66	74	85
Neochlamydia	24	0	0	4	0	61	35	13	0	0	0	50	40	0	13	0	0	10	9	4	0	0	15	0	0	8	0	0	0	0	10	8	25	10	0	0
Waddlia	45	0	0	0	11	0	0	0	0	0	0	0	0	0	0	0	0	12	0	0	0	0	0	0	0	0	15	6	0	0	16	15	0	16	0	10
Verrucomicrobium	0	0	0	0	0	0	0	0	0	0	0	0	14	0	0	17	0	0	0	0	0	0	0	0	0	0	0	0	0	0	0	0	14	0	0	0
Candidatus Protochlamydia	0	0	13	0	0	0	0	0	0	0	0	0	0	67	11	0	23	0	0	14	0	0	0	0	0	0	0	0	0	9	0	0	0	11	0	0
SH-PL14	126	35	0	8	56	94	151	73	0	69	30	81	41	126	0	80	142	29	26	23	26	58	46	0	36	27	0	19	0	0	15	0	0	0	0	14
Mariniblastus	0	0	0	0	10	0	0	24	0	23	25	29	58	0	0	0	0	0	0	0	0	14	0	0	0	0	0	0	0	0	0	0	0	0	0	0
Planctomicrobium	12	0	0	0	65	0	132	23	0	19	0	0	0	43	0	0	0	72	104	56	0	17	82	11	13	64	0	60	34	61	10	0	0	0	0	0
Pir4 lineage	331	61	168	68	120	54	117	71	31	49	32	39	64	199	47	193	99	53	0	0	0	0	64	0	17	110	64	28	0	55	82	45	47	94	105	40
Pirellula	123	49	86	46	291	35	163	85	0	303	10	148	239	207	31	65	263	38	0	0	23	0	20	25	9	38	43	24	24	0	29	56	29	32	19	25
Schlesneria	0	0	0	0	29	0	0	19	0	0	23	0	0	31	0	15	35	0	0	0	0	0	0	0	0	0	0	0	0	0	0	0	0	0	0	0
Planctopirus	16	0	20	0	0	0	0	64	0	0	20	44	69	0	0	0	0	0	0	0	0	0	0	0	0	0	0	0	0	0	0	0	0	0	0	0
Bremerella	0	0	0	0	0	0	0	0	0	0	10	11	0	0	0	0	0	0	0	0	0	0	0	0	0	0	0	0	0	0	0	0	0	0	0	0
Roseimaritima	31	20	0	18	0	0	0	0	0	0	0	0	0	0	0	0	0	0	0	0	0	0	0	0	0	0	0	0	0	0	0	0	0	0	0	0
Abditibacterium	9	20	0	18	19	69	0	9	0	0	0	0	0	0	12	30	49	0	10	9	0	0	0	0	0	0	0	18	17	5	15	0	0	0	24	15
Roseimicrobium	111	44	66	32	0	64	66	0	0	0	0	0	24	61	61	22	42	27	0	0	0	37	48	0	31	40	75	51	0	0	50	117	0	0	0	71
Prosthecobacter	45	0	0	0	155	72	21	77	0	0	0	48	26	75	45	111	0	35	25	0	0	0	0	0	0	30	0	69	14	86	62	0	59	37	0	0
Brevifollis	0	0	27	0	0	0	0	0	0	32	0	0	23	16	0	0	66	0	0	0	0	0	0	0	0	0	0	0	0	0	0	38	22	0	0	0
DEV008	0	0	0	0	99	0	33	78	0	40	25	65	52	115	0	129	164	14	0	0	86	33	44	0	5	37	0	0	0	35	14	0	0	0	0	0
DEV114	62	0	0	0	0	0	0	0	0	0	0	0	0	0	0	0	0	0	0	0	0	0	0	0	0	0	0	0	0	0	0	2	0	0	0	0
Oikopleura	0	0	0	0	0	0	0	0	0	0	0	0	0	0	0	0	15	0	0	0	0	0	0	0	0	0	0	0	0	19	71	0	0	0	0	0
ADurb.Bin063-1	0	0	0	0	0	0	0	0	0	0	0	0	0	0	0	0	0	0	0	0	0	0	0	86	0	2	0	0	0	0	0	0	0	0	0	0
SH3-11	0	0	0	0	0	0	24	0	0	0	0	0	0	28	0	0	0	0	0	0	17	0	19	0	0	0	0	0	0	10	0	0	0	0	0	0
Terrimicrobium	0	0	0	0	57	0	0	27	0	0	0	0	38	53	0	41	55	0	0	6	0	0	0	0	0	0	0	0	0	0	0	0	0	0	0	23
RS25G	0	0	0	0	0	0	0	0	0	0	0	0	0	48	0	0	0	0	0	0	0	0	0	0	0	0	0	0	0	0	0	0	0	0	0	0
Ellin517	165	102	158	225	0	190	151	0	0	32	0	0	0	21	19	42	233	62	88	9	0	39	133	0	33	100	47	46	114	109	114	35	167	19	25	0
Chthoniobacter	635	171	160	240	91	251	248	52	68	114	50	14	34	237	219	78	93	430	182	110	127	148	338	7	21	194	167	290	407	280	160	458	214	115	236	242
Pedosphaera	0	0	0	0	0	0	0	0	0	0	0	0	0	0	0	7	0	0	0	0	0	0	0	0	0	0	0	0	0	0	0	0	0	0	0	0
Candidatus Xiphinematobacter	0	0	0	0	0	0	0	0	0	0	0	0	0	0	0	0	0	0	0	0	0	0	0	0	0	33	0	0	0	0	0	0	0	0	0	15
Gemmata	32	0	0	0	143	0	438	70	0	117	39	82	140	88	16	163	46	30	36	32	86	127	208	47	248	129	0	49	0	58	28	0	0	0	0	0
Fimbriiglobus	0	0	30	13	71	0	51	140	24	0	122	116	171	169	0	0	129	46	0	82	0	89	42	14	46	38	49	27	34	0	0	0	20	0	46	0
Zavarzinella	0	0	0	0	0	0	0	34	67	20	0	63	0	0	0	0	0	0	0	5	0	0	0	0	0	0	11	0	0	0	0	0	16	0	0	0
Telmatocola	0	0	0	0	0	0	0	0	0	0	0	0	0	0	0	7	57	0	0	0	0	0	0	0	0	0	0	0	0	0	0	0	0	0	0	0
Ga0074140	0	0	0	0	31	0	0	8	0	0	0	0	0	0	0	0	0	0	0	0	0	0	11	0	0	0	0	5	0	0	0	0	0	0	0	0
Stenotrophobacter	0	0	81	690	42	0	629	33	53	59	45	0	0	28	0	0	33	41	46	0	1502	319	753	0	76	538	0	0	59	0	52	382	114	108	139	39
JGI 0001001-H03	121	81	742	41	102	97	107	0	0	0	0	0	16	0	55	45	94	29	0	72	104	0	241	38	18	111	478	87	28	41	435	114	204	234	232	120
Blastocatella	0	0	0	0	30	0	45	0	0	0	0	0	0	0	0	0	18	38	0	0	0	0	26	0	0	31	47	57	0	99	0	0	51	0	0	15
Aridibacter	17	0	0	14	45	0	0	0	0	0	0	0	0	0	12	0	38	58	39	75	0	0	0	0	19	0	0	746	29	0	27	0	54	0	0	0
Sumerlaea	30	0	33	5	0	0	131	0	0	0	0	0	0	0	0	0	0	76	0	0	112	119	11	84	32	343	0	7	10	20	0	0	0	0	0	0
type III	0	43	8	0	0	0	0	26	0	0	0	0	0	88	0	0	395	0	42	0	0	0	0	0	26	22	0	69	0	0	0	0	0	0	0	0
UBA12409	10	0	0	24	14	10	28	13	0	0	31	0	21	29	14	24	18	10	11	0	82	8	48	0	16	22	0	0	47	43	0	10	0	15	17	17
OLB13	0	85	0	14	0	28	21	0	0	0	0	29	0	0	0	0	0	51	0	19	0	9	0	0	0	0	0	47	0	23	0	0	0	0	30	0
Desulfobulbus	0	0	0	0	0	0	0	42	0	0	0	0	0	0	0	0	0	0	0	0	0	0	0	23	0	19	0	0	0	0	0	0	0	0	0	0
Desulfocastanea	0	0	0	0	10	0	0	0	0	0	47	84	0	0	0	0	0	0	0	0	0	0	0	0	0	0	0	0	0	95	0	0	0	0	0	0
Desulfopila	0	0	0	0	0	0	0	0	125	0	0	0	0	0	0	0	0	0	0	0	0	0	0	0	0	0	0	0	0	0	0	0	0	0	0	0
OLB17	0	0	0	0	0	0	0	0	0	0	0	0	0	0	0	0	0	0	0	0	0	0	0	0	2	0	0	0	0	0	0	0	0	0	0	0
Muricauda	0	0	0	0	0	0	0	0	0	0	0	0	0	0	2	0	0	0	0	0	0	0	0	0	0	0	0	0	0	0	0	0	0	0	0	0
Labrys	0	0	30	0	0	0	0	0	0	0	0	0	0	0	0	0	0	0	0	31	0	0	0	0	0	0	0	0	0	34	0	0	0	0	0	0
Aquaticitalea	21	0	0	0	0	0	0	0	0	0	0	0	0	0	0	0	0	0	0	0	0	0	0	0	0	0	0	0	0	0	0	0	0	0	0	0
Flavobacterium	133	58	749	547	160	664	554	407	68	392	14	179	169	619	162	393	62	47	38	96	17	7	498	521	758	178	114	21	147	128	168	389	588	93	568	124
Crocinitomix	8	4	79	27	0	0	0	0	0	0	0	7	0	12	0	0	0	32	14	0	0	0	0	0	0	0	0	0	40	29	0	0	43	11	0	0
Apibacter	0	0	0	0	0	0	0	0	0	0	0	0	0	0	0	0	0	0	0	0	0	0	3	0	0	0	0	0	0	0	0	0	0	0	0	0
Chryseobacterium	6	0	0	0	0	261	0	0	0	13	0	0	0	0	0	12	0	9	0	0	0	0	0	0	0	195	0	0	0	0	0	54	21	29	9	46
Ignavibacterium	0	0	0	0	0	0	0	0	0	0	0	0	0	0	0	0	0	0	0	0	0	0	0	63	0	0	0	0	0	74	0	0	0	0	0	0
Edaphobaculum	96	9	70	71	0	0	0	0	0	0	0	0	0	0	16	0	0	0	0	0	18	13	34	0	14	44	55	0	14	32	187	68	131	17	0	0
Nemorincola	0	18	34	17	0	30	50	0	0	13	0	0	0	0	0	0	0	34	0	0	33	0	41	56	0	23	0	0	0	48	29	53	44	0	36	0
Taibaiella	6	0	0	56	0	17	0	13	0	0	0	0	0	0	0	0	0	0	0	0	0	0	0	0	0	0	0	0	0	0	0	0	0	0	21	0
Rurimicrobium	0	0	0	0	0	0	0	0	0	13	0	0	0	0	0	0	0	0	0	0	0	0	0	0	0	0	0	0	0	0	0	0	0	0	0	0
Rs-D38 termite group	0	0	0	0	0	0	0	10	0	0	0	0	0	0	0	0	0	0	0	0	0	0	0	0	0	0	0	0	0	0	0	0	0	0	0	0
Alkaliflexus	0	7	0	0	0	0	0	0	0	0	0	0	0	0	0	0	0	0	0	0	0	0	0	0	0	0	0	0	0	0	0	0	0	0	0	0
Edaphocola	0	0	0	0	0	0	15	0	0	13	0	0	0	0	0	0	0	0	0	0	0	0	79	0	4	50	0	0	10	0	0	0	0	0	0	0
Fermentimonas	0	0	13	22	0	0	0	0	0	0	0	0	0	0	4	0	0	0	0	0	0	15	0	0	0	0	6	0	0	0	0	0	10	24	9	4
Dysgonomonas	0	0	0	0	0	0	0	14	0	0	0	0	0	0	0	0	0	0	0	0	0	0	0	0	0	0	0	0	0	0	0	0	0	0	0	0
Fluviicola	0	0	13	20	122	57	0	37	0	66	0	17	0	77	20	212	112	0	0	0	0	0	15	0	9	40	0	0	23	11	40	0	135	0	19	0
Litorilinea	0	0	23	0	0	0	0	0	0	0	0	0	0	0	0	0	0	0	0	0	0	0	0	0	0	0	0	0	0	0	0	0	0	0	0	0
WCHB1-32	0	0	0	0	0	0	0	14	0	0	0	0	0	0	0	0	0	0	0	0	0	0	0	0	0	0	0	0	0	0	0	0	0	0	0	0
Flavipsychrobacter	0	0	0	0	0	0	0	0	0	0	0	0	0	0	0	0	0	0	0	0	0	0	0	0	0	0	0	0	0	0	0	0	10	0	0	0
Ruminofilibacter	4	0	0	0	0	0	0	0	0	0	0	0	0	0	0	0	0	0	0	0	0	0	0	0	0	0	0	0	0	0	21	12	0	0	11	15
wb1-A12	0	0	0	0	0	0	0	9	0	0	0	0	9	0	0	0	0	0	0	0	0	0	0	0	0	0	0	0	0	0	0	0	0	0	0	0
Syntrophobacter	0	0	0	0	0	0	0	0	0	0	0	0	0	0	0	0	0	0	0	0	0	0	0	0	0	0	0	0	0	0	77	33	48	32	16	36
Arcobacter	9	0	0	4	0	0	0	0	0	0	0	0	0	0	0	0	0	7	0	0	20	0	0	0	0	0	0	0	14	0	0	0	0	0	0	0
Anaerobacterium	0	0	0	0	0	0	0	0	0	0	32	0	0	0	0	0	0	0	0	0	0	0	0	0	0	0	0	0	0	20	0	0	0	0	0	0
Romboutsia	0	0	0	0	0	0	0	0	0	0	0	0	0	0	0	0	0	0	0	0	0	0	0	0	9	0	0	0	0	0	0	0	0	0	0	0
Anaerovorax	0	0	0	0	0	0	0	0	0	0	46	0	0	0	0	0	0	0	0	0	0	0	0	0	0	0	0	0	0	0	0	0	0	0	0	0
Salinibacterium	171	52	0	0	0	0	0	0	0	0	0	0	0	0	0	0	0	0	0	0	0	0	0	0	0	0	0	0	0	0	0	0	0	0	0	0
Ilumatobacter	120	44	145	103	109	221	0	113	0	199	118	72	93	225	46	97	20	32	0	38	11	0	0	0	0	0	124	0	0	0	221	113	285	188	268	0
C1-B045	0	0	0	0	0	0	0	0	0	0	0	0	14	0	0	0	0	0	0	0	0	0	0	0	0	0	0	0	0	0	0	0	0	0	0	0
Oryzobacter	0	0	0	0	0	0	0	0	0	45	0	0	0	0	0	0	0	0	0	0	0	0	0	0	0	0	0	0	0	0	0	0	0	0	0	0
Streptomyces	249	0	132	0	0	367	88	20	0	214	45	74	135	0	0	92	189	86	65	52	0	0	146	0	0	270	139	348	75	0	264	130	0	72	122	92
Streptantibioticus	0	0	0	0	0	0	0	0	0	0	0	0	0	0	0	0	0	0	0	0	0	113	157	0	0	85	0	0	0	0	0	0	0	0	0	0
Rhodococcus	0	0	0	0	0	0	0	0	0	0	0	0	0	0	0	0	0	0	0	0	0	0	0	0	0	0	0	0	0	0	0	0	0	0	0	19
Lentzea	0	0	467	0	0	77	0	0	0	0	0	0	0	0	0	0	0	0	0	0	0	0	0	0	0	0	105	0	0	0	0	0	0	0	0	0
Paenarthrobacter	0	0	0	0	0	0	0	0	0	0	0	0	0	0	0	19	0	0	0	0	0	0	0	0	0	0	0	0	0	0	0	0	0	0	0	0
Actinotalea	0	0	0	0	0	0	0	0	0	0	0	0	0	0	0	0	0	0	0	0	0	0	0	0	0	0	0	0	0	0	69	0	0	162	0	0
Galbitalea	0	0	142	47	0	235	186	0	0	0	0	0	0	0	81	0	0	164	88	143	0	109	0	0	106	0	150	235	103	121	0	47	116	0	0	142
Agromyces	0	0	0	0	0	0	0	0	0	0	0	0	0	0	0	1	0	0	0	0	0	0	0	0	0	0	0	0	0	0	7	0	0	0	16	0
Demequina	62	138	0	145	0	113	0	0	0	0	0	0	0	0	0	0	0	0	0	0	0	0	0	0	0	0	89	91	0	0	0	57	54	79	130	33
Lelliottia	0	0	0	0	0	30	0	109	0	0	0	0	0	38	0	0	0	0	0	7	0	0	0	0	52	0	0	0	0	0	0	0	0	0	0	0
Erwinia	0	0	0	0	0	0	0	0	0	0	0	0	0	0	0	0	0	0	0	6	0	0	0	0	0	0	0	0	0	0	0	0	0	0	0	0
Enterobacter	0	0	0	0	0	0	0	0	0	102	0	0	0	0	0	0	0	0	0	0	0	0	0	0	0	0	0	0	0	0	0	0	0	0	0	0
Mycobacterium	36	0	63	0	0	140	86	0	0	0	0	0	0	0	30	0	0	0	0	0	0	0	0	0	0	94	0	34	0	35	0	0	0	0	37	0
Pseudarthrobacter	0	0	0	0	0	0	0	0	0	334	0	0	0	235	0	96	334	0	0	0	0	0	0	0	0	0	0	0	0	0	42	0	0	0	0	0
Actinoplanes	64	0	0	0	105	0	0	90	0	257	121	811	61	111	0	130	0	0	0	0	0	0	0	0	98	0	0	0	0	42	0	0	0	0	0	0
Nocardia	0	0	0	0	0	0	0	0	0	0	0	0	94	0	0	0	0	0	0	0	0	0	0	0	0	0	0	0	0	0	0	0	0	0	0	0
Ruminiclostridium	0	0	0	0	0	0	0	0	0	0	0	0	0	0	0	0	0	0	0	0	0	0	0	0	0	0	0	0	0	119	0	0	0	0	0	0
Clostridium	0	0	0	0	0	0	0	0	0	0	0	0	0	0	0	0	0	0	0	0	0	0	0	0	10	0	0	0	0	0	0	0	0	7	0	0
Lutispora	0	0	0	0	0	0	0	0	0	0	0	0	0	0	2	0	0	0	0	0	0	0	0	0	0	0	0	0	0	0	0	0	0	0	0	0
Sulfurovum	0	0	5	0	0	0	0	0	0	0	0	0	0	0	0	0	0	0	0	0	0	0	0	0	0	0	0	0	0	0	0	0	0	0	0	0
Aeromonas	0	0	55	0	0	64	227	0	0	287	0	0	0	77	74	14	20	0	0	0	0	0	43	42	244	0	0	0	0	0	0	63	0	0	28	0
Candidatus Solibacter	83	82	394	0	103	74	111	69	0	42	120	33	135	59	0	65	191	177	80	59	229	230	264	380	155	329	135	99	125	633	212	0	0	87	52	90
Kribbella	85	0	0	0	0	63	0	0	0	0	0	0	0	0	0	0	0	0	0	0	0	0	28	0	0	0	0	0	0	0	0	0	170	61	0	0
Gemmatimonas	36	42	15	59	0	0	0	0	0	0	0	0	0	0	0	0	51	0	14	0	76	36	73	0	58	187	81	35	71	73	16	0	0	47	0	0
Deferrisoma	0	0	0	0	0	0	0	0	0	0	0	0	0	0	0	0	0	0	0	0	0	0	0	0	0	0	0	0	0	5	0	0	0	0	0	0
Desulfomicrobium	0	0	0	0	2	0	0	0	0	0	1156	0	0	0	0	0	0	0	0	0	0	0	0	0	0	0	0	0	0	0	8	0	0	0	0	0
Nannocystis	15	73	0	0	0	19	20	0	0	0	0	0	0	9	0	3	0	0	0	0	0	0	0	0	0	0	27	0	0	8	0	0	33	25	0	19
OM27 clade	63	0	27	0	0	0	0	21	0	92	63	48	30	15	0	15	70	46	21	21	41	61	61	0	19	74	8	45	10	102	62	23	79	23	90	0
BD1-7 clade	71	246	35	135	43	0	88	76	0	0	95	103	159	31	26	15	23	64	33	77	0	43	0	0	25	0	41	20	0	73	0	47	51	88	0	0
Desulfocurvibacter	0	0	0	0	0	0	0	70	0	0	0	0	0	0	0	0	0	0	0	0	0	0	0	0	0	0	0	0	0	0	0	0	0	0	0	0
Sporichthya	0	0	0	0	0	0	44	0	0	0	0	0	67	0	0	45	88	0	0	0	0	0	0	0	0	74	0	0	0	0	0	0	0	0	0	34
Desulfovibrio	0	0	0	0	0	0	0	30	0	0	0	0	0	0	0	0	0	0	0	0	0	0	0	0	0	0	0	0	0	0	0	0	0	0	0	0
P3OB-42	0	55	43	0	0	8	7	0	0	0	0	0	0	0	0	5	0	40	23	0	26	9	0	39	1	18	21	0	0	45	11	0	10	32	46	0
Humidesulfovibrio	0	0	0	0	0	0	0	0	0	0	0	0	0	0	0	0	0	0	0	0	0	0	0	0	0	0	0	0	0	288	0	0	0	0	0	0
Enhygromyxa	0	0	0	0	0	0	0	0	0	0	0	0	0	1	0	0	0	0	0	0	0	0	0	0	0	0	0	0	0	0	0	0	0	36	0	0
Yinghuangia	0	0	0	0	0	0	0	0	0	0	0	0	0	0	0	0	0	0	0	0	0	0	0	0	0	35	0	0	0	0	0	0	0	0	0	0
Sphaerisporangium	0	0	0	0	0	102	0	0	0	0	0	0	0	0	0	0	0	0	0	0	0	0	0	0	0	0	0	0	0	0	159	0	0	0	0	0
Oxobacter	0	0	0	0	0	0	0	0	0	0	0	0	0	0	0	0	0	0	0	0	0	0	0	0	0	0	0	0	0	24	0	0	0	0	0	0
Bacteriovorax	0	0	0	6	0	0	0	0	0	0	0	0	0	13	0	0	0	0	0	0	0	0	0	0	0	0	0	0	0	0	0	0	0	0	0	0
Gracilibacter	0	0	0	0	0	0	0	0	0	0	0	0	0	0	0	0	0	0	0	0	0	0	0	0	0	0	0	0	0	91	0	0	0	0	0	0
Kineobactrum	104	0	0	168	0	144	0	0	0	38	39	0	79	293	0	0	0	0	0	0	0	0	0	9	0	0	10	0	0	0	162	198	119	20	139	46
Aeromicrobium	0	0	0	0	93	0	0	0	0	85	0	0	130	78	0	140	0	0	0	0	0	0	56	0	0	42	0	0	0	0	0	0	0	0	0	0
Marmoricola	0	0	41	0	0	0	66	0	0	350	0	0	0	0	0	0	0	0	0	0	0	0	33	0	0	21	0	0	0	0	0	0	0	0	0	0
Nocardioides	0	0	0	38	0	0	0	0	0	347	0	0	0	49	0	75	0	0	44	52	0	0	24	0	0	51	0	0	0	0	0	0	0	0	65	0
Subgroup 10	12	73	302	206	0	45	235	0	1	23	0	127	45	42	274	46	304	18	17	12	0	8	16	0	0	47	490	46	20	0	45	41	135	380	244	0
Candidatus Megaira	0	0	0	0	0	0	0	0	0	0	0	0	0	0	0	0	0	15	0	0	0	0	0	0	0	0	0	0	0	0	0	0	0	0	0	0
Hydrocarboniphaga	0	0	0	0	0	0	0	15	0	0	0	20	28	0	0	96	83	0	0	0	0	0	0	0	0	0	0	0	0	0	0	0	0	0	0	0
Sphingosinicella	0	0	43	35	0	0	0	0	0	0	0	0	0	0	0	0	0	0	0	0	0	0	0	0	0	0	0	0	0	0	0	0	0	63	50	0
Sphingoaurantiacus	0	0	0	0	0	0	0	0	0	0	0	0	0	0	0	15	40	0	0	0	0	0	0	0	0	0	0	0	0	0	0	0	0	0	0	0
Sandaracinobacter	0	0	0	0	0	0	0	0	0	0	0	0	0	25	0	0	0	0	0	0	0	0	0	0	0	0	0	0	0	0	0	0	0	0	0	0
Croceibacterium	122	329	162	601	57	145	152	28	0	72	34	18	66	76	180	135	194	67	0	0	52	30	85	50	23	33	330	118	0	84	236	253	229	205	419	65
Rhizorhabdus	0	0	45	108	50	75	9	57	0	0	0	45	82	26	0	115	99	0	0	0	0	9	38	26	0	18	37	0	11	0	92	67	127	66	78	0
Sphingomonas	0	0	407	60	117	81	136	85	458	915	229	196	383	126	131	403	604	126	104	54	36	35	295	143	44	137	128	33	222	69	102	33	140	29	182	86
MN 122.2a	0	0	0	0	0	0	0	0	0	0	0	0	0	0	0	0	0	0	0	0	0	0	0	0	0	0	0	24	0	0	0	0	0	0	0	0
Sphingopyxis	38	0	45	122	48	47	0	41	0	29	61	33	43	110	0	254	95	0	41	0	0	0	0	0	0	0	37	0	21	0	83	56	72	0	59	0
Ellin6055	97	35	61	131	90	102	182	66	0	402	0	0	63	146	39	127	219	28	60	72	138	129	230	22	35	49	326	234	73	0	377	32	36	16	64	81
Hypericibacter	102	89	205	0	118	45	107	0	0	5	18	27	0	48	109	33	28	24	0	0	105	133	59	124	111	66	68	64	81	97	162	84	85	168	83	74
Novosphingobium	79	65	43	304	111	31	108	215	104	196	191	333	227	505	71	348	366	62	93	82	84	77	166	46	117	175	114	87	146	66	102	144	197	65	193	45
Altericroceibacterium	0	0	0	0	0	54	0	0	0	0	0	0	0	0	0	0	0	0	0	0	0	0	0	0	0	0	0	0	0	43	81	0	0	39	45	0
Croceicoccus	45	23	46	47	28	51	0	0	0	0	0	0	0	22	0	66	21	0	23	0	0	8	0	0	0	0	40	0	0	0	50	69	78	86	61	50
Sphingorhabdus	0	0	0	0	192	0	0	183	158	120	228	59	183	187	0	215	75	0	0	0	0	0	0	0	0	0	0	0	0	0	0	0	0	0	0	0
Tsuneonella	0	0	0	0	50	0	0	0	0	37	0	0	0	0	0	77	72	0	0	0	0	0	0	0	0	0	0	0	0	0	0	0	0	0	0	0
Alteraurantiacibacter	0	0	0	0	32	0	0	0	0	0	0	0	0	0	0	0	0	0	0	0	0	0	0	0	0	0	0	0	0	0	0	0	0	0	0	0
Erythrobacter	0	0	0	0	0	0	0	0	0	0	0	0	0	0	0	19	0	0	0	0	0	0	0	0	0	0	0	0	0	0	0	0	0	0	0	0
Candidatus Paracaedibacter	0	0	0	26	0	0	0	0	0	0	0	0	17	0	0	0	0	15	0	0	0	0	7	0	0	0	0	0	0	46	0	22	0	0	0	0
Rhodovastum	0	18	0	23	0	0	52	0	0	0	0	0	33	92	0	0	0	0	0	19	0	24	23	32	23	38	0	64	56	39	0	0	0	0	0	0
Pseudohongiella	0	0	0	0	0	1	0	0	0	0	0	0	0	0	0	0	0	0	0	0	0	0	0	0	0	0	0	0	0	0	0	0	0	0	12	12
Methylocaldum	0	0	0	0	0	0	0	0	0	0	0	0	0	0	0	0	0	0	0	0	0	24	0	0	0	0	0	0	0	0	0	0	0	0	0	0
JTB255 marine benthic group	0	0	0	0	0	0	0	0	0	0	0	0	0	0	0	0	0	0	0	0	20	14	0	0	18	24	0	0	0	0	0	0	0	0	0	0
Oleiagrimonas	0	0	0	0	0	0	0	0	0	0	0	0	0	0	0	0	0	0	0	0	0	0	0	0	0	0	0	0	0	0	0	0	0	0	1	0
Panacagrimonas	0	0	0	0	0	0	46	0	0	0	0	0	0	62	0	15	76	0	0	0	0	0	0	0	0	0	24	0	0	0	0	0	0	0	0	11
Fontimonas	0	0	32	0	0	0	0	0	0	0	0	17	0	0	0	51	0	0	0	0	0	0	0	0	0	0	22	0	0	0	0	0	0	0	0	0
Coxiella	0	47	22	16	0	104	16	0	0	0	0	0	0	17	0	0	20	0	0	0	15	0	0	0	0	0	27	0	0	16	200	0	36	0	0	41
Rhodopila	0	0	0	0	0	0	37	0	0	0	36	0	0	22	0	15	22	18	0	0	0	0	0	0	0	0	0	0	0	0	0	0	0	0	0	0
Polycyclovorans	0	0	0	0	330	0	123	206	0	81	234	223	305	237	0	167	352	71	42	0	0	0	126	0	0	100	16	20	0	0	0	0	0	0	0	0
Algiphilus	0	0	0	0	0	28	0	0	0	0	0	0	0	0	0	0	0	0	0	0	0	0	0	0	0	0	0	0	0	0	0	0	0	0	0	0
Stagnimonas	0	0	0	0	0	0	0	0	0	0	0	0	0	2	0	0	0	0	0	0	0	0	0	0	0	0	0	0	0	0	0	0	0	0	0	0
Sandaracinus	18	0	58	58	29	48	0	30	0	0	32	0	43	27	0	65	68	23	0	25	0	40	0	44	18	73	41	0	59	44	0	107	29	36	64	113
Kofleria	0	0	0	0	0	0	0	0	0	47	0	0	0	0	0	0	0	0	0	0	0	0	0	0	0	0	0	0	0	0	0	0	0	0	0	0
Wolbachia	0	0	0	0	0	0	0	0	0	0	0	0	6	0	0	0	0	0	0	0	0	0	0	0	0	0	0	0	0	0	0	0	0	0	0	0
Pedomicrobium	242	132	250	116	130	194	296	24	0	0	94	47	95	0	84	71	90	200	209	127	183	325	208	76	193	121	179	95	115	103	213	152	71	224	188	84
Filomicrobium	0	0	12	0	0	0	0	0	0	0	0	0	0	0	0	0	0	0	0	0	0	17	0	0	0	0	0	0	0	0	0	0	0	41	0	0
Hyphomicrobium	154	100	83	108	130	0	0	163	0	143	159	117	68	70	3	165	180	0	53	0	0	0	0	0	87	56	105	63	0	0	127	0	79	136	179	0
Pseudaminobacter	0	0	167	0	0	43	87	0	0	0	0	0	0	0	0	0	0	0	30	46	0	34	84	0	0	46	128	92	83	0	101	0	0	133	52	19
Aminobacter	44	38	0	0	0	0	0	0	0	0	0	0	0	0	0	0	0	0	0	0	0	0	0	0	0	0	0	0	0	0	24	0	0	0	0	0
Zhengella	73	0	44	0	0	79	79	0	0	0	0	0	0	36	0	0	0	34	67	0	0	79	0	0	61	0	0	43	0	89	44	80	0	0	0	0
Tianweitania	6	0	0	0	0	0	0	0	0	0	0	0	0	0	0	0	0	0	0	0	0	0	0	0	0	0	0	0	0	0	0	0	0	21	0	0
Mesorhizobium	0	0	0	0	38	52	0	0	0	0	0	0	35	0	0	0	0	0	0	0	0	0	0	0	0	0	0	0	0	0	80	0	34	41	80	38
Devosia	387	131	401	270	241	185	165	121	157	107	81	213	155	299	142	264	408	197	205	159	234	221	234	102	171	196	223	281	83	369	293	181	261	253	192	165
Arsenicitalea	0	0	0	0	0	0	242	0	0	0	0	0	0	0	0	79	200	213	92	223	0	67	109	89	75	144	39	297	238	216	40	0	0	0	0	0
Ferrovibrio	0	0	0	16	0	0	0	0	0	0	0	0	0	0	0	0	13	0	0	0	0	0	0	0	0	0	0	0	0	0	0	0	0	0	20	0
Bosea	0	0	0	0	34	0	0	30	0	47	0	0	17	114	0	28	50	0	0	12	0	0	0	0	0	0	0	0	0	0	0	0	21	0	0	0
Niveispirillum	0	0	0	0	39	0	0	0	0	0	0	0	0	32	0	0	0	0	0	0	0	0	0	0	0	0	0	0	0	0	0	0	0	0	0	0
Methyloceanibacter	0	7	106	0	0	0	0	0	0	0	0	0	0	0	0	0	0	0	0	0	0	0	0	0	0	0	7	0	0	0	38	0	0	0	0	38
Luteimonas	24	98	0	195	0	0	0	0	0	85	0	0	0	0	0	0	0	0	85	30	0	57	0	0	23	20	45	114	50	29	0	11	0	69	75	0
Cellvibrio	85	47	72	43	0	0	0	152	0	188	44	81	0	242	38	0	31	0	0	42	0	43	0	39	0	0	61	62	19	34	63	67	74	108	56	0
Cavicella	0	0	0	0	31	0	0	0	0	0	0	0	0	0	11	0	0	0	0	32	0	0	0	0	0	28	0	0	0	0	0	0	15	0	12	0
Perlucidibaca	0	0	0	0	0	0	0	0	0	15	0	0	0	0	0	0	12	0	0	0	0	0	0	0	0	0	0	0	0	0	0	0	0	0	0	0
HdN1	0	0	0	0	0	0	0	0	0	14	0	0	0	10	0	0	6	0	0	0	0	0	0	0	0	0	0	0	0	0	0	0	0	0	0	0
Azotobacter	0	0	0	0	0	0	0	0	0	0	214	137	243	0	0	160	123	0	0	0	0	0	0	0	0	0	0	0	0	0	0	0	0	0	0	0
Pseudomonas	37	76	229	526	1574	867	516	361	193	488	321	733	586	1559	256	1611	1680	348	207	137	37	26	365	181	339	308	403	69	127	248	654	684	1207	385	790	336
Steroidobacter	169	359	329	209	636	130	225	592	656	426	1103	1333	876	489	103	775	877	88	39	73	210	339	218	136	263	164	354	111	68	293	315	224	161	729	469	221
Acidibacter	327	515	527	378	101	167	1618	39	67	39	32	69	27	102	114	43	0	512	908	376	2120	1675	1501	970	1281	981	383	158	218	116	323	368	635	1190	772	619
Candidatus Anadelfobacter	0	0	0	0	0	0	0	0	0	0	0	0	0	0	0	0	0	0	0	0	0	0	0	0	0	0	0	0	0	0	0	0	0	5	0	0
Methylobacter	9	9	41	0	0	100	0	0	0	0	0	0	0	0	0	0	0	0	0	0	0	0	0	0	0	0	22	0	0	0	162	0	396	412	39	380
Stenotrophobium	0	0	0	0	0	0	0	0	0	0	11	0	0	0	0	0	0	0	0	0	0	0	46	68	14	0	0	0	0	0	0	0	0	0	0	0
Candidatus Trichorickettsia	0	0	0	70	0	0	0	0	0	0	0	0	0	0	0	0	0	0	0	0	0	0	0	0	0	0	0	0	0	0	0	0	0	0	0	0
Azospirillum	0	0	0	0	550	0	0	93	278	391	649	197	81	0	0	30	26	0	0	0	0	0	0	0	0	0	0	0	0	25	0	0	0	0	0	0
Dongia	120	159	405	801	141	108	2045	73	0	78	60	162	247	112	430	35	114	727	371	388	1611	1380	1758	814	885	975	269	831	392	473	151	489	114	222	178	40
Stella	0	0	0	0	0	0	0	0	0	0	0	0	0	0	0	0	0	0	0	0	0	0	37	0	0	39	0	20	0	0	25	0	46	48	0	0
Roseomonas	0	0	0	0	48	0	0	23	0	0	0	0	26	68	0	34	0	0	56	0	0	0	0	0	0	0	0	0	0	0	0	0	0	0	0	26
Candidatus Ovatusbacter	0	16	0	0	0	0	16	0	0	0	0	22	2	30	0	14	0	0	0	0	0	0	0	0	0	6	0	0	0	12	0	0	0	8	18	0
Candidatus Berkiella	73	51	95	22	0	32	0	7	0	5	0	0	0	22	32	1	16	0	0	0	0	0	0	0	0	0	34	0	0	0	142	46	38	77	66	59
Sulfurivermis	0	0	0	0	0	0	0	0	0	0	0	0	0	0	0	0	0	0	0	0	0	0	0	0	0	0	0	0	0	0	0	0	0	0	3	0
Pseudolysobacter	63	17	0	23	0	0	0	0	0	0	0	0	0	0	0	0	0	0	0	0	0	0	0	0	0	0	0	0	0	0	0	0	0	9	0	0
Ahniella	0	0	11	0	43	55	48	0	0	0	0	47	0	44	13	29	0	0	0	50	0	0	50	0	0	58	26	348	65	0	101	73	0	206	38	191
Rhodanobacter	0	0	0	0	0	0	0	0	0	0	0	0	0	0	0	0	0	0	0	0	0	0	0	0	0	0	0	0	0	19	0	0	0	0	0	0
Dokdonella	365	69	75	266	0	220	51	0	0	0	0	7	0	0	203	0	0	0	0	0	115	76	134	38	0	126	300	0	0	0	450	637	609	581	539	285
Stenotrophomonas	0	0	0	0	0	0	0	0	0	0	0	0	0	0	0	0	0	0	0	0	0	0	0	0	0	0	0	0	0	0	0	0	33	0	0	0
Sneathiella	15	19	0	0	0	0	0	0	0	0	0	0	0	0	0	0	0	0	0	0	0	0	0	0	0	0	0	0	0	0	22	21	11	0	50	27
Lysobacter	81	0	0	248	65	0	5	39	0	108	0	0	59	51	45	0	0	79	569	111	0	5	0	0	55	31	0	0	28	63	15	0	110	0	93	0
Permianibacter	0	0	0	0	47	0	0	23	33	33	0	0	83	25	0	44	0	0	0	0	0	0	0	0	0	0	0	0	0	0	0	0	0	0	0	0
Rhizobium	0	0	0	0	0	0	0	0	0	0	0	0	0	0	0	0	124	0	0	0	0	0	0	0	0	0	0	0	0	0	0	0	0	0	0	20
Ensifer	0	0	0	0	0	0	0	0	0	78	0	0	0	0	0	0	0	0	0	0	0	0	0	0	0	0	0	0	0	0	42	0	0	0	0	0
Shinella	38	0	0	0	160	60	0	283	186	434	125	361	149	210	0	159	380	99	0	0	0	0	0	0	0	0	0	62	0	0	49	0	38	0	0	0
Afipia	0	0	0	0	0	0	0	0	0	0	13	0	0	0	0	0	0	0	39	17	0	17	0	0	0	0	0	0	0	65	0	0	0	0	0	0
Bradyrhizobium	0	0	0	0	103	0	145	83	0	83	0	47	65	179	0	101	116	83	67	64	64	56	89	34	93	79	0	42	33	0	48	38	72	0	0	0
Magnetospirillum	0	0	0	0	0	0	0	0	0	15	93	0	0	0	0	0	0	0	0	0	0	95	0	0	0	0	0	14	0	25	0	0	0	0	0	0
Endobacterium	0	0	0	0	0	0	0	48	0	0	0	0	0	0	0	0	0	0	0	0	0	0	0	0	0	0	0	0	0	0	0	0	0	0	0	0
Pararhizobium	0	0	0	0	110	0	0	92	0	145	50	57	0	229	0	113	140	0	0	0	0	0	0	0	0	0	0	0	0	0	15	0	37	0	0	0
Agrobacterium	33	0	43	0	118	62	0	50	0	26	0	119	86	248	0	202	207	0	0	0	0	0	0	0	0	0	0	0	0	0	55	31	96	21	0	29
Taonella	0	0	26	0	38	0	30	0	0	0	0	15	0	29	0	50	68	0	0	0	0	0	22	0	0	0	0	0	0	0	8	0	0	0	0	0
Chthonobacter	0	0	0	0	88	0	0	37	30	96	0	0	32	0	0	0	44	0	0	0	0	0	0	0	0	0	0	0	0	0	0	0	0	0	0	0
Microvirga	0	0	0	0	0	0	0	0	0	37	0	0	0	0	0	37	0	0	46	0	0	0	0	0	0	0	0	0	0	30	0	0	0	0	0	0
Methylobacterium	0	0	0	0	0	0	0	0	0	0	0	0	17	0	0	0	0	0	0	0	0	0	0	0	0	0	0	0	0	0	0	0	0	0	13	0
Reyranella	81	112	227	242	143	158	278	96	0	107	70	57	164	210	141	141	312	0	61	96	92	147	220	39	33	179	118	17	33	136	126	206	138	68	153	65
Allorhizobium	0	0	0	0	0	0	0	46	0	0	0	0	0	62	0	0	0	0	0	0	0	0	0	0	0	0	0	0	0	0	0	0	0	0	0	0
Neorhizobium	0	0	0	0	0	0	0	0	0	62	0	145	0	0	0	42	0	0	0	0	0	0	0	0	0	0	0	0	0	0	0	0	0	0	0	0
Aureimonas	0	0	0	0	0	0	0	0	0	0	0	0	0	0	0	0	0	0	0	0	0	0	0	0	0	0	0	0	0	0	0	0	0	0	30	0
Pelagibius	0	0	28	0	0	0	0	0	0	0	0	0	0	0	18	0	0	0	0	0	0	0	0	0	0	0	30	0	0	0	55	13	44	76	182	0
Pseudolabrys	0	0	0	91	0	0	95	0	0	66	0	0	0	0	0	139	108	57	56	70	0	208	67	158	0	94	0	126	77	152	33	82	99	0	45	68
Xanthomonas	0	0	0	0	0	0	0	0	0	0	0	0	0	0	0	0	0	0	26	27	0	0	0	0	0	0	0	0	0	37	0	0	0	0	0	0
Ketobacter	37	53	0	31	0	0	0	0	0	0	0	0	0	0	12	0	0	0	0	0	0	0	0	0	0	0	31	0	0	0	0	0	16	123	0	13
Rheinheimera	0	0	20	7	0	0	0	28	0	20	12	51	71	51	0	0	0	8	0	0	0	0	0	0	0	0	13	0	23	0	0	0	50	0	0	0
Tahibacter	0	86	52	21	0	42	0	0	0	0	0	0	0	0	27	0	0	0	0	0	0	0	0	0	0	0	0	0	0	0	27	31	0	18	0	24
Alkanindiges	0	0	0	0	0	0	0	0	0	0	0	0	0	0	0	0	0	0	0	0	0	0	0	0	0	40	0	0	0	0	0	0	0	0	0	0
Amphiplicatus	0	0	0	0	0	0	0	33	0	0	22	77	123	0	0	0	0	0	0	0	0	0	0	0	0	0	0	0	0	0	0	0	0	0	0	0
Aestuariicella	0	34	0	58	0	0	0	0	0	0	0	0	0	0	10	0	0	0	0	0	0	0	0	0	0	0	0	0	0	0	0	0	0	71	15	0
Candidatus Endoecteinascidia	0	0	0	0	0	0	0	0	0	0	0	0	0	0	0	0	22	0	0	0	0	0	0	0	0	0	0	0	0	0	0	0	10	0	0	0
Immundisolibacter	0	0	0	0	0	0	1	0	0	0	0	0	0	0	1	0	0	0	0	0	0	2	0	0	0	0	0	0	0	0	0	0	0	0	0	0
Candidatus Gortzia	0	0	0	0	0	0	0	0	0	16	0	0	0	0	0	0	0	0	0	0	0	0	0	0	0	0	0	0	0	0	0	0	0	0	0	0
Candidatus Bealeia	0	0	0	0	6	0	0	0	0	0	0	0	0	0	0	0	0	0	0	0	0	5	0	0	0	13	0	0	0	0	0	0	0	0	0	0
Candidatus Nucleicultrix	0	0	0	0	0	0	0	0	0	0	0	0	0	0	0	0	0	0	0	0	0	0	0	0	0	0	0	0	0	0	7	0	0	0	0	0
Povalibacter	0	0	0	0	0	0	0	0	0	0	0	0	1	0	0	0	0	0	0	0	0	0	50	0	30	20	0	0	0	0	0	0	0	0	0	0
Aquicella	0	0	0	44	3	73	3	20	0	0	59	96	133	39	0	15	26	0	2	0	0	0	0	22	18	60	25	32	0	0	0	39	16	140	111	97
Legionella	0	11	22	0	14	0	16	42	0	107	46	32	0	154	0	58	96	0	0	0	0	0	0	0	0	10	0	0	0	0	0	32	0	0	0	0
Sulfurifustis	0	0	0	0	0	0	0	0	0	0	0	0	0	0	0	0	0	0	0	0	0	0	0	4	0	0	0	35	0	0	0	0	0	0	0	0
Pseudofulvimonas	0	0	0	0	0	0	0	0	0	0	0	0	0	0	0	0	0	0	0	0	0	0	0	0	0	0	0	0	0	0	0	0	34	12	0	0
Prosthecomicrobium	0	0	0	0	21	0	0	31	0	72	20	0	17	0	0	0	0	0	0	0	0	0	0	0	0	0	0	0	0	0	0	0	0	0	0	0
Phreatobacter	0	0	0	0	0	0	0	0	0	0	0	0	0	0	0	90	0	0	0	0	0	0	0	0	0	0	44	0	0	0	0	0	0	0	0	0
BIyi10	48	51	218	105	0	57	9	0	0	0	0	0	0	0	63	0	0	15	0	0	0	0	0	0	0	0	93	0	0	32	124	77	126	44	67	102
Marinobacter	0	0	0	0	0	0	0	0	0	0	0	0	0	0	0	0	0	0	0	0	0	0	0	0	0	0	0	0	0	0	0	0	9	0	0	0
Acinetobacter	0	0	0	0	0	0	0	0	0	0	45	0	58	38	0	171	113	0	0	0	0	0	0	0	0	0	0	0	0	0	0	0	0	0	0	0
Sporobacter	0	0	0	0	0	0	0	0	0	0	0	0	0	0	0	0	0	0	0	0	0	0	0	0	0	0	0	0	0	38	0	0	0	0	0	0
Christensenellaceae R-7 group	0	0	0	0	0	0	0	0	0	0	0	0	0	0	0	0	0	0	0	0	0	0	0	0	0	0	0	0	0	24	0	0	0	0	0	0
Falsirhodobacter	0	0	0	0	0	0	0	0	0	0	0	0	0	0	0	0	0	0	0	0	0	0	0	0	0	0	10	0	0	0	0	14	0	0	0	0
Fuscovulum	56	0	28	0	147	0	0	236	258	267	273	235	191	215	0	115	190	0	0	0	0	0	0	0	0	0	25	0	0	0	32	26	0	39	0	0
Tabrizicola	0	0	0	0	33	22	0	0	0	0	0	0	0	53	0	57	0	0	0	0	0	0	0	0	0	0	0	0	0	0	0	47	88	0	0	0
Flavimaricola	0	0	0	0	0	0	0	0	0	0	0	0	0	0	0	0	0	0	0	0	0	0	0	0	0	0	0	0	0	0	0	11	0	0	0	0
Rubellimicrobium	0	0	0	0	16	0	0	23	0	23	0	0	0	21	0	0	12	0	0	0	0	0	0	0	0	0	0	0	0	0	0	0	0	0	0	0
Gemmobacter	0	0	0	0	52	0	0	0	0	0	0	0	0	28	0	0	35	0	0	0	0	0	0	0	0	0	0	0	0	0	0	0	0	0	0	0
Cypionkella	0	0	0	0	235	0	14	46	0	47	0	38	67	103	0	158	60	89	77	23	0	0	0	0	0	0	0	22	89	0	0	0	0	0	0	0
Cereibacter	0	0	0	0	58	0	0	64	0	42	0	0	0	0	0	20	0	0	0	0	0	0	0	0	0	0	0	0	0	0	0	0	0	0	0	0
Anaerospora	0	0	0	0	9	0	0	0	0	161	139	0	0	0	0	0	0	0	0	0	0	0	0	0	0	0	0	0	0	156	0	0	0	0	0	0
Candidatus Dichloromethanomonas	0	0	0	0	0	0	0	0	0	0	0	0	0	0	0	0	0	0	0	0	0	0	0	0	0	0	0	0	0	24	0	0	0	0	0	0
Desulfosporosinus	0	0	0	0	0	0	0	0	158	69	14	0	0	0	0	0	0	0	0	0	0	0	0	0	0	0	0	0	0	0	0	0	0	0	0	0
Thermincola	0	0	0	0	0	0	0	0	0	13	0	0	0	0	0	0	0	0	0	0	0	0	0	0	0	0	0	0	0	0	0	0	0	0	0	0
Solirubrobacter	190	0	188	0	0	0	0	0	0	0	0	0	0	0	62	0	0	0	36	0	0	0	0	0	0	0	118	0	0	0	0	0	0	17	54	88
Patulibacter	0	0	0	9	0	0	0	0	0	0	0	0	0	0	0	0	0	0	0	0	0	0	0	0	0	0	0	0	0	0	0	0	0	0	0	0
Conexibacter	0	0	0	180	0	0	0	0	0	0	0	0	0	0	0	0	0	0	0	0	0	0	0	0	0	0	0	0	0	0	0	0	199	54	0	0
Bryobacter	593	363	692	429	50	334	357	0	0	0	0	0	38	33	241	22	177	185	104	131	329	231	453	157	146	255	399	107	86	128	546	579	354	551	387	172
Desertimonas	0	0	0	0	0	0	0	0	0	0	0	0	0	0	0	0	90	0	0	0	0	0	0	0	0	0	0	0	0	0	0	0	0	0	0	0
Porticoccus	0	0	0	14	0	0	7	8	0	11	0	0	0	0	0	0	0	0	0	0	0	0	0	14	0	0	0	0	19	21	0	22	0	19	0	0
Buchnera	26	0	0	0	0	0	0	0	0	0	0	0	0	0	0	0	0	0	0	0	0	0	0	0	0	0	0	0	0	0	0	0	0	0	0	0
WY65	0	0	21	0	35	27	91	8	0	0	0	0	0	0	18	16	0	79	28	17	81	0	69	0	0	0	0	28	0	0	23	44	0	0	0	39
Phaselicystis	0	0	74	0	0	122	65	0	0	0	0	0	0	0	1	0	0	31	0	25	65	50	152	57	6	157	42	0	45	102	72	128	48	57	0	122
KD3-10	0	0	0	0	0	0	0	0	0	0	0	0	0	0	0	0	0	0	0	14	0	0	0	0	14	0	0	15	0	0	0	0	25	11	0	0
Iamia	204	0	189	172	0	232	217	75	0	151	59	69	114	80	33	176	111	0	16	23	0	0	306	0	0	206	132	0	0	6	279	0	200	0	0	0
Anaeromyxobacter	0	7	0	0	3	0	0	47	0	160	60	0	0	0	0	0	0	0	0	0	0	0	0	0	0	0	0	0	0	0	0	0	0	0	0	0
Caulobacter	39	101	38	52	74	134	85	45	0	95	46	119	73	20	0	90	67	0	0	96	0	0	87	28	73	0	84	66	0	87	96	167	73	0	106	114
Brevundimonas	0	49	0	70	28	80	0	21	0	17	0	0	17	0	0	0	0	0	0	0	0	0	0	0	0	0	40	0	0	0	11	38	70	0	80	0
Asticcacaulis	46	0	26	14	64	0	0	39	35	29	0	36	30	50	0	26	79	26	21	28	0	38	22	0	0	0	51	42	37	104	31	27	76	0	31	25
Pajaroellobacter	15	0	34	0	0	24	36	0	0	0	0	0	0	52	0	21	76	0	0	0	0	0	94	0	0	15	0	45	0	0	24	0	47	23	24	46
Gaiella	0	0	0	0	45	0	58	48	0	256	61	110	55	0	0	0	0	0	0	0	0	0	0	0	0	0	0	0	0	0	0	0	0	0	0	0
Aetherobacter	0	0	0	0	0	0	51	0	0	0	0	0	0	0	0	0	0	0	0	0	28	0	0	0	0	0	0	0	0	0	0	0	0	0	0	0
YC-ZSS-LKJ147	0	0	0	0	46	0	38	0	0	40	0	0	0	0	0	43	121	125	309	85	0	27	0	0	0	0	197	0	0	71	0	0	56	0	0	0
Longimicrobium	0	0	48	0	0	0	0	0	0	0	0	0	0	0	0	0	0	0	0	0	0	0	0	0	0	0	0	0	0	0	0	0	0	0	0	0
Oleisolibacter	0	0	0	0	0	0	1	0	0	0	0	0	0	0	0	0	0	0	0	0	0	0	0	0	0	0	0	0	1	0	0	0	0	0	0	0
Polyangium	0	0	0	0	0	0	0	0	0	0	0	0	0	0	0	0	0	0	0	0	0	0	0	0	0	0	0	0	0	0	0	0	15	0	0	0
Chitinilyticum	0	0	0	0	0	0	0	0	0	0	0	0	0	0	0	0	0	0	0	67	0	0	0	6	0	0	0	0	0	0	0	0	0	0	0	0
Hirschia	315	129	295	201	137	262	479	0	0	0	0	45	46	198	205	50	0	312	437	197	704	812	406	446	460	423	383	305	331	309	493	448	470	457	548	345
UKL13-1	0	0	0	13	0	0	0	0	0	0	0	0	0	0	0	0	0	0	0	0	0	0	0	0	0	0	0	0	0	0	0	0	0	0	0	0
Chitinibacter	0	0	0	0	0	0	0	0	0	32	0	0	0	0	0	0	0	0	0	314	0	0	0	0	0	0	0	0	0	0	0	0	0	0	0	0
Defluviicoccus	0	0	0	0	0	0	0	0	0	0	0	18	0	0	0	0	0	0	0	0	0	0	0	0	0	0	0	0	0	0	0	0	0	0	0	0
Nordella	0	0	0	0	36	22	73	0	0	106	49	0	0	117	0	136	238	19	31	0	0	24	52	0	0	59	0	23	0	41	0	0	0	0	0	0
Candidatus Alysiosphaera	0	0	0	0	24	0	0	0	0	0	0	0	0	0	0	0	0	0	0	0	0	0	0	0	0	0	0	0	0	0	0	0	0	0	0	0
CSP1-2	0	0	56	0	0	0	0	0	0	0	0	0	0	0	24	0	0	0	0	0	0	0	0	0	0	0	0	0	0	0	35	7	0	52	0	34
Aquincola	0	0	0	0	0	0	0	0	0	0	2	0	0	0	0	0	0	0	0	0	0	0	0	0	0	0	0	0	0	0	0	0	0	0	0	0
Crinalium SAG 22.89	0	0	0	0	0	0	0	0	0	0	0	11	0	0	0	0	0	0	0	0	0	0	0	0	0	0	0	0	0	0	0	0	0	0	0	0
Phormidium IAM M-71	0	0	0	0	25	0	0	0	0	0	0	46	0	0	0	0	0	0	0	0	0	0	0	0	0	0	0	0	0	0	0	0	0	0	0	0
Cephalothrix SAG 75.79	0	0	0	0	0	0	0	0	0	0	0	0	0	10	0	0	0	0	0	0	0	0	0	0	0	0	0	0	0	0	0	0	0	0	0	0
Nostoc PCC-73102	0	0	0	0	0	0	0	0	0	0	0	0	0	9	0	0	0	0	0	0	0	0	0	0	0	0	0	0	0	0	0	0	0	0	0	0
Leptolyngbya ANT.L52.2	0	0	0	0	0	0	0	0	0	0	0	0	0	0	0	6	0	0	0	0	0	0	0	0	0	0	0	0	0	0	0	0	0	0	0	0
Glycomyces	0	0	75	0	0	0	0	0	0	0	0	0	0	0	0	0	0	0	0	0	0	0	0	0	0	0	0	0	0	0	0	0	0	0	0	0
Geothrix	0	0	0	0	0	0	0	38	0	0	0	0	0	0	0	0	0	0	0	0	0	0	0	0	0	0	0	0	0	0	0	0	0	0	0	0
Candidatus Nitrosoarchaeum	10	0	9	30	11	0	67	4	0	0	2	0	0	19	5	22	5	34	0	0	0	0	0	32	0	0	0	5	0	0	11	45	4	0	0	0
Desulfuromonas	0	0	0	0	0	0	0	20	0	180	0	0	0	0	0	0	0	0	0	0	0	0	0	0	0	0	0	0	0	0	0	0	0	0	0	0
Pelotalea	0	0	0	0	301	0	0	308	622	27	52	233	0	0	11	0	0	0	21	0	0	0	0	74	47	0	0	0	0	123	0	0	0	0	0	0
Archangium	0	0	0	0	0	0	0	0	0	0	0	0	0	0	0	0	0	0	0	0	0	0	0	0	0	0	0	0	0	0	0	0	0	42	0	0
Geobacter	0	0	0	0	0	0	0	51	0	41	0	0	0	0	0	0	0	0	0	0	0	0	0	0	0	0	0	0	0	0	0	0	0	0	0	0
Geomonas	0	0	0	0	137	0	0	259	220	967	799	163	0	0	0	69	0	179	57	55	81	107	0	112	0	83	0	109	261	911	0	0	0	0	0	0
Desulfitibacter	0	0	0	0	0	0	0	0	0	0	0	0	0	0	0	0	0	0	0	0	0	0	0	0	0	0	0	0	0	0	0	0	0	0	3	0
Chitinimonas	0	0	0	0	69	0	0	69	0	17	0	49	0	0	0	0	0	0	0	0	0	0	0	0	0	0	0	0	0	0	0	0	0	0	0	0
Paucibacter	15	0	13	41	128	62	114	10	0	97	37	605	109	201	29	196	69	0	0	0	0	0	79	0	138	0	48	0	0	0	24	17	39	0	54	29
Vogesella	0	0	0	0	0	0	0	27	0	5	0	18	0	47	0	0	0	0	0	0	0	0	0	0	0	0	0	0	0	0	0	21	0	0	0	0
Roseateles	0	0	24	17	0	0	0	0	0	0	0	0	0	0	8	0	181	0	0	0	0	0	14	0	0	0	7	0	0	0	0	0	0	0	0	0
Inhella	0	0	0	0	0	0	0	94	0	54	39	130	119	144	0	121	144	0	0	0	42	0	0	27	0	0	0	0	0	0	0	0	0	0	0	0
Leptothrix	0	0	0	0	124	24	0	0	30	62	139	0	26	79	0	0	0	0	0	0	0	0	0	0	0	15	0	0	0	0	0	0	0	0	44	11
Ideonella	0	0	0	0	179	0	0	92	0	165	274	224	579	479	0	138	434	0	0	7	0	0	0	0	50	0	0	0	0	19	0	0	0	0	0	0
Polaromonas	0	0	0	0	0	0	0	0	0	0	0	0	0	0	0	39	70	0	0	0	0	0	0	0	0	0	0	0	0	0	0	0	0	0	0	0
Hylemonella	0	0	0	0	0	0	0	0	0	0	0	0	0	0	0	0	0	0	0	0	0	0	0	0	5	0	0	0	0	0	0	0	0	0	0	0
Rhodoferax	26	0	46	59	78	116	0	61	0	0	37	0	79	206	0	154	148	0	0	0	0	0	0	37	71	20	0	0	0	0	122	81	158	107	99	178
IS-44	720	528	222	571	300	280	506	170	0	84	237	108	228	310	148	249	494	534	491	560	719	343	640	221	191	685	372	966	511	1039	384	522	358	385	234	224
MM2	0	0	21	0	55	0	0	59	0	97	49	239	182	285	6	191	938	0	4	14	0	21	0	0	0	0	0	0	19	77	0	0	0	0	0	0
Methylovorus	0	0	0	0	0	0	0	0	0	0	0	0	0	0	0	0	11	0	0	0	0	0	0	0	0	0	0	0	0	0	0	0	0	0	0	0
Azospira	0	0	0	0	0	0	0	7	0	772	149	17	0	0	0	0	0	0	0	0	0	0	0	0	0	0	0	0	0	40	0	0	0	0	0	0
Azoarcus	0	0	0	0	42	0	0	0	0	0	11	0	0	0	0	0	15	0	0	0	0	0	0	0	0	13	0	0	0	0	0	0	0	0	0	0
Dechlorobacter	0	0	0	0	25	0	0	33	0	145	0	0	0	0	0	9	0	0	0	0	0	0	0	0	0	0	0	0	0	0	0	0	0	0	0	0
GOUTA6	0	0	0	0	0	0	0	0	0	0	0	0	0	8	0	0	0	0	0	0	0	0	0	0	0	0	0	0	0	0	0	9	0	0	0	0
Uliginosibacterium	57	0	0	0	0	15	0	6	0	0	0	0	0	0	0	0	0	0	0	0	0	0	0	0	0	0	0	0	0	0	29	0	0	0	0	0
Nitrosomonas	0	21	36	0	0	0	0	0	0	0	0	66	0	0	0	0	0	0	0	0	0	0	0	0	0	0	0	0	15	0	15	11	0	37	17	0
Acidovorax	22	0	29	14	30	55	0	110	0	13	8	135	53	166	15	21	176	0	0	0	0	0	0	0	31	18	23	0	0	25	20	0	40	0	21	19
Xylophilus	0	0	0	0	58	0	0	39	0	0	0	21	0	59	0	26	5	0	0	0	0	0	0	9	4	0	43	0	15	0	0	83	0	0	19	0
Variovorax	0	0	0	59	137	0	78	68	0	0	0	0	0	146	0	121	149	0	0	102	0	0	100	120	98	16	0	0	0	0	0	37	153	0	0	0
Rhizobacter	0	0	0	0	40	0	0	21	0	28	53	34	9	159	0	5	0	0	0	0	0	22	0	0	0	0	0	0	0	0	0	67	32	0	0	0
Rubrivivax	0	0	0	25	290	0	0	219	0	236	123	357	23	77	0	30	50	0	20	4	0	0	0	0	7	0	0	0	6	0	0	0	2	16	0	0
[Polyangium] brachysporum group	0	0	0	0	0	0	84	0	0	0	0	41	0	0	0	0	0	0	0	0	0	0	0	0	0	0	0	0	0	0	0	0	0	0	0	0
MND1	140	91	169	176	0	362	487	143	0	146	150	146	195	203	59	0	154	281	337	318	98	407	486	398	394	332	163	428	250	275	304	176	506	322	176	187
Methylotenera	30	33	10	55	474	84	0	154	0	0	76	0	37	210	120	207	73	109	0	92	0	0	0	0	0	0	210	34	0	83	427	322	251	34	202	66
Sulfuritalea	0	0	0	0	0	0	0	6	0	0	0	0	0	0	0	0	0	0	0	0	0	0	0	0	0	0	0	0	0	227	0	0	0	0	0	0
Georgfuchsia	0	0	51	54	0	0	0	0	0	0	0	0	0	39	0	0	0	0	0	0	0	0	0	0	0	0	0	0	0	0	56	0	0	98	0	38
Caenimonas	0	0	13	18	87	0	0	32	0	80	0	33	81	139	0	140	276	0	0	52	0	0	0	0	0	50	42	17	38	0	27	20	55	48	0	41
Ramlibacter	0	258	15	134	22	0	25	252	0	390	204	194	426	209	86	259	723	402	212	245	0	108	78	0	74	24	120	343	140	473	0	0	0	59	88	0
Duganella	0	0	70	85	7	0	59	33	0	127	27	67	95	103	69	150	164	53	0	0	38	0	0	0	0	68	19	0	0	0	0	0	0	13	0	0
Massilia	0	0	104	0	12	0	0	26	0	62	0	0	0	235	0	10	84	0	0	0	0	0	0	0	0	0	40	0	0	0	21	0	406	44	448	69
Hydrogenophaga	119	63	0	138	134	0	0	111	0	0	127	81	88	93	45	88	0	0	0	0	0	0	0	0	0	0	0	0	0	110	142	0	107	154	92	55
Candidatus Symbiobacter	0	0	0	0	0	0	0	0	0	0	0	0	0	0	0	0	0	0	0	0	0	0	0	0	0	0	0	0	0	0	0	0	0	0	0	9
Aquabacterium	0	0	0	0	30	0	0	0	0	0	0	60	0	0	0	0	0	0	0	0	0	0	0	0	0	0	0	0	0	0	0	0	0	0	0	0
Xenophilus	0	0	0	0	0	0	0	0	0	0	0	0	0	0	0	0	0	0	0	0	0	0	21	0	0	0	0	0	0	0	0	0	0	0	0	0
Pseudorhodoferax	0	0	0	0	0	0	0	0	0	0	0	0	0	0	0	0	0	0	0	0	0	0	0	0	0	0	0	0	0	0	0	0	48	0	0	0
Curvibacter	15	0	31	25	150	0	0	37	36	0	68	430	110	186	0	81	106	21	17	0	0	0	0	0	8	6	0	19	0	20	32	0	0	20	29	16
Limnobacter	290	0	79	21	0	0	0	0	0	54	0	0	0	25	0	0	95	136	110	0	0	0	0	0	0	185	0	0	20	0	0	47	158	24	77	0
Aromatoleum	0	0	0	0	43	0	0	10	24	734	71	38	0	0	0	0	0	0	0	0	0	0	0	0	0	0	0	0	0	0	0	0	0	0	0	0
Ferribacterium	0	0	0	0	80	0	0	68	341	190	453	440	36	73	0	0	0	0	0	0	0	0	0	0	0	0	0	0	15	521	0	0	0	0	0	0
Dechloromonas	0	0	0	0	213	0	0	189	230	745	1533	764	21	0	0	54	22	0	0	0	0	37	0	0	25	15	0	0	0	24	0	0	0	0	0	0
DSSD61	0	0	0	0	33	0	73	0	0	0	0	29	46	15	0	28	41	0	0	0	0	0	0	0	0	34	0	0	0	0	0	0	0	0	0	0
Verminephrobacter	0	0	0	0	0	0	0	0	0	0	0	0	0	0	0	0	0	0	0	0	0	0	0	0	0	0	0	0	0	0	0	0	0	0	92	0
Caldimonas	0	0	0	0	0	0	0	0	0	0	0	0	28	121	0	0	187	0	0	0	0	0	0	0	0	0	0	0	0	0	0	0	0	0	0	0
Methylibium	0	0	0	0	41	0	0	5	0	0	0	64	120	52	0	54	47	0	0	0	0	0	0	0	0	0	0	0	0	0	0	0	103	0	0	0
Azohydromonas	0	0	0	0	14	0	0	0	0	54	0	0	0	0	0	53	23	0	0	0	0	0	0	0	0	0	0	0	0	77	0	0	0	0	0	0
Methylobacillus	30	58	60	59	75	0	0	283	101	142	330	493	475	133	74	405	1073	192	216	229	0	0	0	0	0	7	63	815	23	96	79	64	5	77	29	14
Methylophilus	0	0	0	30	139	0	0	151	0	92	62	298	144	289	0	198	215	0	0	0	0	0	0	0	16	0	0	0	0	0	31	0	44	0	50	0
UBA6140	610	525	216	444	0	73	0	0	0	0	0	0	0	0	127	0	0	0	0	32	0	0	0	0	0	0	70	0	0	0	182	306	144	617	226	264
Candidatus Methylopumilus	0	0	0	0	0	39	0	0	0	0	0	0	0	0	0	0	0	0	0	0	0	0	0	0	0	0	0	0	0	0	0	0	0	0	0	0
Comamonas	0	0	0	0	0	0	0	0	60	0	0	0	0	0	0	0	0	0	0	0	0	0	0	0	0	0	0	0	0	0	0	0	0	0	0	0
Lacisediminimonas	0	0	0	0	0	0	0	0	0	11	0	0	0	0	0	0	0	0	0	0	0	0	0	0	0	0	0	0	0	0	0	0	0	0	0	0
Lautropia	0	0	0	0	0	0	0	13	0	0	0	20	25	0	0	0	0	0	0	0	0	0	0	0	0	0	0	0	0	0	0	0	0	9	0	0
Paralcaligenes	0	0	0	0	0	0	0	0	0	0	0	0	0	0	0	1	0	0	0	0	0	0	0	0	0	0	0	0	0	0	0	0	0	0	0	0
Achromobacter	0	0	0	0	0	0	0	0	0	0	0	0	0	0	0	0	26	0	16	0	0	0	0	0	0	0	0	0	0	0	0	0	0	0	0	0
Eoetvoesia	0	0	0	9	0	0	0	0	0	0	0	0	0	0	0	0	0	0	0	0	0	0	0	0	0	0	0	0	0	0	0	0	0	0	0	0
Nitrosospira	0	0	0	0	0	0	0	0	0	0	0	0	0	0	0	0	0	0	0	8	0	0	0	0	0	0	0	0	0	0	0	0	0	0	0	0
mle1-7	0	0	0	0	0	26	0	47	0	0	81	69	124	0	0	0	4	0	0	0	0	0	0	0	0	0	0	0	0	0	44	59	58	109	48	22
Piscinibacter	0	0	6	0	237	1	77	152	0	0	261	214	145	172	0	178	28	0	0	0	0	70	0	185	102	0	0	0	0	0	0	18	42	0	0	0
Parvibium	0	0	0	0	0	0	0	4	0	0	3	0	0	3	0	0	0	0	0	0	0	0	0	0	0	0	0	0	0	0	0	0	0	0	0	0
Ellin6067	33	199	165	226	232	536	47	176	251	440	211	385	427	320	245	0	257	232	317	252	116	73	119	388	109	76	203	488	284	60	233	497	626	184	99	39
Undibacterium	0	0	0	0	0	0	0	16	0	0	43	0	0	0	0	0	0	0	0	0	0	0	0	0	0	0	0	0	0	0	0	0	0	0	0	0
Pseudoduganella	0	0	0	0	0	36	0	0	0	0	0	0	0	0	0	0	0	0	0	0	0	0	0	0	46	0	0	0	0	0	0	41	0	0	14	0
Derxia	0	0	0	0	0	0	0	0	0	0	0	0	0	0	0	0	0	0	0	0	0	0	0	0	0	0	0	9	0	0	0	0	0	0	0	0
Burkholderia-Caballeronia-Paraburkholderia	0	0	0	0	0	0	0	0	0	0	0	0	0	0	0	0	0	0	0	0	0	28	0	0	0	0	0	0	0	0	0	0	0	0	0	0
Cupriavidus	0	0	0	0	0	0	0	0	0	10	16	0	0	25	0	37	59	8	48	0	0	0	0	0	0	0	0	0	0	0	0	0	0	0	42	0
Noviherbaspirillum	0	0	0	0	0	0	0	0	0	461	0	0	0	0	0	0	40	0	0	0	0	0	0	0	48	0	0	0	0	0	0	0	0	0	0	0
Castellaniella	0	0	0	0	0	0	0	0	0	0	0	0	0	0	0	0	0	0	0	0	0	0	0	0	0	0	0	0	0	0	0	0	0	25	0	0
Pusillibacter	0	0	0	0	0	0	0	0	0	0	0	0	0	0	0	0	0	0	0	0	0	0	0	0	0	0	0	0	0	0	24	0	30	0	0	23
Parapusillimonas	0	0	0	0	0	0	0	0	0	0	0	0	0	0	0	0	0	0	0	0	0	0	0	0	0	0	0	0	0	0	0	0	0	18	0	0
Thauera	0	0	0	0	0	0	0	0	0	0	0	0	0	0	0	0	0	0	0	0	0	0	14	0	0	29	0	0	0	0	0	0	0	0	0	0
Candidatus Nitrotoga	0	0	0	0	0	0	0	0	0	9	0	0	31	0	0	13	56	4	0	2	0	0	0	0	0	0	0	0	0	0	0	0	0	0	0	0
oc32	0	0	0	0	0	0	0	0	0	0	0	0	0	0	0	15	0	0	0	0	0	0	0	0	0	0	0	0	0	0	0	0	0	0	0	0
Leeia	0	0	0	0	12	0	0	0	0	0	0	0	12	8	0	25	70	0	0	0	0	0	0	0	0	0	0	0	0	0	0	0	0	0	0	0
Rivibacter	0	0	0	0	0	0	0	0	0	0	0	0	0	0	0	17	40	0	0	0	0	0	0	0	0	0	0	0	0	0	0	0	0	0	0	0
Thiobacillus	0	0	0	0	25	0	0	22	0	0	0	0	0	0	0	18	22	0	0	0	0	0	0	0	0	0	0	0	0	0	0	0	0	0	58	0
Methyloversatilis	0	0	0	0	29	0	0	11	0	30	12	33	0	0	0	0	52	0	0	0	0	0	0	0	0	0	0	0	0	0	0	0	0	0	0	0
Denitratisoma	0	0	0	0	47	0	0	0	0	0	12	0	39	0	0	0	0	0	0	0	0	0	0	0	0	0	0	0	0	0	0	0	0	0	0	0
Turneriella	0	0	0	0	0	0	0	0	0	0	0	0	0	19	0	0	0	15	0	0	0	16	0	0	0	0	0	0	0	0	0	0	0	0	0	0
Leptospira	0	0	0	0	0	0	0	0	0	0	0	0	0	0	0	0	0	0	0	0	0	7	0	0	8	0	0	0	0	0	0	0	0	7	0	0
Truepera	0	0	22	0	0	0	0	0	0	8	10	0	0	0	0	0	0	0	0	0	0	0	0	12	0	0	0	0	0	0	0	0	0	22	89	0
Chthonomonas	0	0	0	0	12	0	0	20	0	17	13	25	25	0	0	9	22	0	0	0	0	0	0	0	0	0	0	0	0	0	0	0	0	0	0	0
Armatimonas	0	0	0	0	17	0	0	0	0	0	0	0	0	0	0	0	0	0	0	0	0	0	0	12	0	0	0	0	0	0	0	0	0	0	0	0
Micropepsis	0	0	0	0	0	0	0	0	0	0	0	0	0	0	0	0	0	0	0	11	0	0	0	0	0	0	0	123	27	59	0	0	0	0	0	0
Oleiharenicola	306	99	272	283	452	348	1089	359	226	372	196	370	232	537	32	129	406	605	257	270	458	412	856	566	547	971	191	470	258	682	201	224	113	110	77	128
Opitutus	49	24	85	218	173	39	500	52	0	169	0	0	59	222	62	6	364	315	108	105	284	172	311	62	100	291	44	313	436	543	91	21	81	72	0	71
Cephaloticoccus	0	0	0	0	19	0	0	0	0	0	0	0	0	0	0	0	0	0	0	0	0	0	0	0	0	0	0	0	0	0	0	0	0	0	0	0
IMCC26134	28	0	0	0	26	0	0	66	0	0	0	0	25	64	0	32	73	0	0	0	0	0	0	0	0	0	0	25	0	0	0	0	0	0	0	0
Alterococcus	0	0	0	0	0	0	0	0	0	0	0	0	0	0	0	0	0	20	0	0	16	13	16	0	0	13	0	0	30	0	0	0	19	20	0	0
