Genus	10	11	1	12	13	14	15	16	17	18	19	20	21	22	2	23	24	25	26	27	28	29	30	31	32	33	3	34	35	36	4	5	6	7	8	9
Bacteroides	0.0269	0	0	0	0	0.01815	0	0	0	0	0.08645	0	0	0	0	0	0	0	0.0387	0	0	0	0	0.02711	0	0	0	0	0	0	0	0	0	0.03521	0	0
Lachnospira	0	0	0	0	0	0	0	0	0	0	0.02522	0	0	0	0	0	0	0	0	0	0	0	0	0	0	0	0	0	0	0	0	0	0	0	0	0
Cytophaga	0	0	0	0	0	0	0	0.24869	0	0.11534	0.03602	0.03856	0	0.32224	0	0	0	0	0	0	0	0.07216	0.05294	0	0.03628	0	0	0	0.02038	0.01983	0	0.01532	0	0	0	0
SM1A02	0	0	0.02236	0.05115	0.08926	0	0	0	0	0	0.12968	0.08304	0.04743	0.0492	0.1219	0	0.02651	0.20577	0.086	0.02398	0	0.02062	0	0.09036	0.02015	0.04063	0.0103	0.08905	0.1916	0.33994	0.09994	0.08172	0.0275	0	0	0
I-8	0	0	0	0	0.04463	0	0	0.02072	0	0	0	0	0	0.08117	0	0	0.03093	0	0	0	0	0	0	0.07681	0	0	0	0	0	0	0	0	0	0	0	0
Sphaerobacter	0	0	0	0.01918	0	0	0	0	0	0	0	0	0	0	0	0	0	0	0	0	0	0	0	0	0	0	0	0	0	0	0	0	0	0	0	0
Candidatus Omnitrophus	0.11768	0	0.01491	0	0.05355	0	0.02099	0.14092	0	0	0.10806	0.22243	0.1626	0.06642	0	0.13338	0.0928	0.03537	0	0.06235	0	0	0.01684	0	0.02822	0.01524	0	0.01889	0.03669	0	0	0	0	0	0	0
Aquihabitans	0.51779	0	0.07455	0	0	0.29764	0.10909	0	0	0	0	0	0	0	0	0	0.08617	0	0.1247	0	0	0	0.08422	0	0	0.03047	0	0	0	0	0.34193	0	0.06112	0	0	0.2056
Teretinema	0	0	0	0	0	0	0	0	0	0	0	0	0	0	0	0	0	0	0	0	0	0	0	0	0	0	0	0	0	0	0	0	0	0.01354	0	0
Salinispira	0	0	0	0.02237	0	0	0	0	0	0	0	0	0	0	0	0	0	0	0	0	0	0.01374	0	0	0.08465	0	0	0.06746	0	0.08782	0	0	0	0	0	0
Spirochaeta 2	0.14458	0.41405	0	0.13105	0	0	0.02098	0.06632	0	0.03095	0	0	0	0	0.18285	0	0	0.08038	0	0.11991	0	0.08934	0.00722	0.08584	0.14107	0	0.04806	0.21318	0.11415	0.4051	0.02893	0.06639	0.02139	0.08397	0.06449	0
Spirochaeta	0	0	0.02982	0	0	0	0	0	0	0	0	0	0	0	0	0	0	0	0	0	0	0	0	0.03615	0	0	0	0	0	0	0	0	0	0.18961	0.09213	0
Methanosarcina	0	0.02814	0	0	0	0	0	0	0	0	0	0	0	0	0	0	0	0	0	0	0	0	0	0	0	0	0	0	0	0	0	0	0	0	0	0
Paludibaculum	1.12635	0.29346	0.29322	0	0.28858	0.24319	0.02937	0	0	0	0	0	0.17276	0.34684	0.2438	0	0	0.25399	0.22791	0	0.13712	0.12713	0.09865	0.28464	0	0.14218	0.2197	0	0.1223	0.22946	0.34192	0.50051	0.27504	0.25734	0.29787	0.58997
Vulgatibacter	0	0	0.05964	0	0	0	0	0	0	0	0	0	0	0	0	0	0	0	0	0	0	0.00687	0	0	0	0	0	0.04587	0.02038	0	0	0	0	0	0	0
Phycisphaera	0	0	0	0	0	0.00726	0	0	0	0.07877	0	0	0	0	0	0	0.02651	0	0	0	0	0	0.05534	0	0.04434	0	0	0	0	0	0	0	0	0	0	0
Tepidisphaera	0	0	0.10188	0.03836	0	0	0	0	0	0	0.06124	0	0	0.15743	0	0	0.0243	0	0	0	0	0	0	0	0	0.02285	0.05149	0	0	0	0	0.05363	0	0	0.03992	0
AKYG587	0	0	0.07952	0	0	0.08348	0	0	0	0	0	0	0	0	0	0	0	0	0.0215	0	0	0	0	0	0	0	0	0	0	0.0255	0	0	0	0	0	0.11174
CL500-3	1.31128	0.58691	0.25843	0.49863	0.05355	0.29764	0.14265	0	0	0	0	0	0	0.13529	0.10971	0	0	0.0418	0	0	0	0	0.04812	0.07229	0.13302	0.09902	0.35015	0.08635	0.11822	0	0.5313	0.53115	0.12224	0.47403	0.21189	0.37097
Nitrospira	0.03698	0.09246	0.26836	0.13105	0.65451	0	0	1.1398	0	0.20819	1.48415	2.72859	2.35773	0.32962	0.08533	1.49866	0.49933	0	0	0	0	0.05498	0	0.09488	0	0	0	0	0	0	0.03419	0.09448	0.0764	0.57426	0.15355	0.31733
Dinghuibacter	0	0	0	0.11826	0.05355	0.02904	0.02937	0	0	0.14066	0	0	0.0542	0.28535	0	0	0.03977	0	0	0.12471	0	0	0	0	0	0	0	0	0	0.03399	0	0	0.01528	0.12731	0.05528	0
Terrimonas	2.00054	1.7527	1.71706	1.64292	1.66007	1.66607	0.99229	1.20611	0.91051	0.50638	0.47551	0.68216	0.26761	1.20041	1.47498	0.70195	1.28369	1.65576	1.62116	1.86579	1.99452	1.52906	1.52312	1.09339	1.36241	1.86614	1.28733	3.05468	2.34408	1.40227	2.30932	2.89837	2.52727	1.96116	2.48739	3.11523
Niastella	0	0.0201	0.17146	0.07352	0.11603	0.35572	0	0	0	0.28414	0.1513	1.66089	0.48442	0.08363	0	0.16847	0.14803	0	0	0	0	0.12713	0	0.07229	0.12092	0.03046	0.18881	0.08365	0.09784	0.09065	0.10521	0	0.17725	0.18691	0.23339	0.24135
Haliscomenobacter	0	0	0	0	0.11603	0	0.00629	0.11191	0.11844	0	0.07205	0.11567	0.04065	0.0492	0.08533	0.03861	0.03093	0	0	0	0	0	0	0	0	0	0.15448	0	0	0	0	0.07661	0	0.01896	0	0
Ferruginibacter	1.04902	0.37385	0.21867	0.34201	0.48493	0.23956	0.25803	0.06217	0	0.20818	0	0.06821	0	0.3247	0.56073	0.37906	0.2342	0.07716	0.26231	0.37412	0.70744	0.65629	0.24783	0	0.25797	0.65506	0.32269	0.7043	0	0.13314	0.384	0.1379	0.06723	0.14357	0.82914	0.47823
Aurantisolimonas	0	0	0	0.01598	0.52064	0	0	1.86513	1.17699	0.38261	0.25217	0.58427	0	0.37636	0	0.68089	0.09943	0.02251	0	0.07195	0	0	0.08421	0.08133	0.04837	0	0	0	0	0	0	0	0	0	0	0
Sediminibacterium	0.14794	0.2412	0.04473	0.57214	0.12495	0.26134	0.03147	0.05803	0	0	0.02882	0	0	0.11561	0.2377	0	0.05082	0.10288	0.31391	0.21584	0	0.06529	0.15881	0	0	0.12695	0.05836	0.06746	0.4362	0	0.06049	0.0383	0.58675	0.09752	0.45142	0.1743
Gynurincola	0	0	0	0.0032	0	0	0	0	0	0	0	0	0.04065	0	0	0.02808	0	0	0	0	0	0	0	0	0	0	0	0	0	0	0.04208	0.06895	0	0	0.05528	0
Niabella	0	0	0	0	0	0	0	0	0.46636	0.11534	0	0	0.1626	0.04182	0	0.15092	0	0	0	0	0	0	0	0	0	0	0	0	0	0	0	0	0	0	0	0
Puia	0	0	0	0	0.0476	0	0.16783	0	0	0	0	0.15422	0	0.52641	0	0	0	0.0418	0	0	0.21191	0.30925	0.09144	0.28917	0.08465	0.15996	0	0	0	0	0	0	0	0	0	0
Panacibacter	0	0	0	0	0.1309	0	0	0.21552	0.48116	0.13504	0.13329	0	0.04743	0.81175	0	0.27727	0.35351	0	0	0	0	0	0	0	0	0	0	0	0	0	0	0	0	0	0	0
Chitinophaga	0.09751	0.14874	0.03727	0	0	0.17786	0.08811	0.10362	0.49597	0.23069	0	0.08601	0.1355	0.04428	0	0.3615	0	0.1929	0.44292	0.62834	0.06545	0.10995	0	0	0	0	0.05149	0.56668	0.17122	0.38527	0	0	0.03362	0.18149	0.13819	0
Flavisolibacter	0	0	0	0	0.10413	0	0	0	0	0.0647	0	0.05042	0	0	0	0.1439	0	0	0	0	0	0	0	0	0	0	0	0	0	0.24363	0	0	0	0	0	0
Segetibacter	0	0	0	0	0	0	0	0	0	0	0	0.19575	0	0	0	0	0	0	0	0	0	0	0	0	0	0	0	0	0	0	0	0	0	0	0	0
Lacibacter	0	0	0	0.01918	0.37188	0.39201	0.04196	0.80822	0.68843	0.61329	0.4539	0.72663	0.8977	0.76255	0	0.72651	1.52452	0	0.043	0	0	0	0	0.13554	0	0.02285	0	0.02429	0	0	0.02104	0.05618	0	0	0.21189	0.08045
Solitalea	0	0	0	0.02237	0	0	0	0	0	0	0	0	0	0	0	0.02808	0.02209	0	0	0	0	0	0	0	0	0	0	0	0	0	0	0.04597	0	0	0	0
Parafilimonas	0	0	0	0	0	0	0	0	0	0.07033	0	0	0	0.11562	0	0	0	0	0	0.08154	0	0	0	0	0	0.02539	0	0	0	0	0	0	0	0	0	0
Flavitalea	0.06724	0.18894	0.24849	0.26849	0	0	0.04825	0	0	0	0	0	0	0	0.14628	0	0	0.18005	0.16341	0.31177	0.07791	0.15806	0.08422	0	0	0	0.13388	0.15651	0.17122	0.3796	0.23672	0.14556	0.19864	0.19774	0.20268	0.26817
Paraflavitalea	0	0	0	0	0	0	0	0	0	0	0	0	0	0	0	0	0	0.10931	0.28811	0	0	0	0	0	0	0	0	0	0	0	0	0	0	0	0	0
UTBCD1	0	0	0	0	0	0	0	0.31086	0	0	0	0.14829	0.29133	0	0	0	0	0	0	0	0	0	0	0	0	0	0	0	0	0	0	0	0	0	0	0
Flavihumibacter	0	0	0.03727	0.12146	0.07438	0	0	0.14921	0	0.1069	0.10807	0	0	1.39965	0	0	0	0	0	0.20145	0	0	0	0	0	0	0	0	0	0.06232	0	0	0	0	0	0
Agriterribacter	0	0.1005	0	0.06073	0.44328	0	0.02098	0	0	0	0	0	0	0.08117	0	0	0	0.08681	0.32251	0.17267	0	0.15462	0.05294	0	0	0	0	0	0.07746	0.16997	0.09206	0.05107	0.14363	0.15982	0.27638	0.05363
Pseudoflavitalea	0.03362	0	0	0	0	0	0	0	0	0	0	0	0	0	0	0	0	0	0	0	0	0	0	0	0	0	0	0	0	0	0	0	0	0	0	0
Parasegetibacter	0	0	0	0	0	0	0	0	0	0	0	0	0	0.11807	0	0	0	0	0	0	0	0	0	0	0	0	0	0	0	0	0	0	0	0	0	0
Phaeodactylibacter	0.03026	0	0	0	0.1309	0.06534	0	0.315	0	0.18286	0.20533	0.28472	0.34214	0.36159	0.28037	0.61421	0.62969	0.18969	0	0.18706	0	0	0	0	0	0.0914	0	0.33191	0.35874	0.40227	0	0.09193	0	0.20858	0.32244	0.13855
Pedobacter	0	0	0.07703	0	0.0476	0.43921	0.22656	0.06632	0	0	0.03963	0	0	0.05658	0	0	0	0	0	0	0	0	0	0	0	0.21074	0.06179	0.03238	0	0	0	0.08938	0.22614	0	0.07984	0
Daejeonella	0	0	0	0.06393	0	0.12704	0	0	0	0	0	0	0	0	0	0	0	0	0.0516	0	0	0	0	0	0	0	0	0	0	0.10198	0.08417	0	0	0	0	0
Sphingobacterium	0	0	0	0	0	0	0	0	0	0	0	0	0	0	0	0	0	0	0	0	0	0	0.01203	0	0	0	0	0	0	0	0	0	0	0	0	0
Aureispira	0	0	0	0	0	0	0	0	0	0	0	0	0	0.00984	0	0	0	0	0	0	0	0	0	0	0	0	0	0	0	0	0	0	0	0	0	0
Mucilaginibacter	0.03698	0	0	0	0	0.0363	0	0	0	0	0	0	0	0	0	0.01755	0	0	0.0559	0	0	0	0.11791	0	0	0	0	0.11874	0.09376	0	0.03682	0	0.05195	0	0	0.12961
Arcticibacter	0	0	0	0	0	0	0	0	0	0.02813	0	0	0	0	0	0	0	0	0	0.09593	0	0	0	0	0	0	0	0.05667	0	0.10765	0	0	0	0	0	0
TM7a	0.09414	0.17286	0.22861	0.15023	0.25288	0.58076	0	0.30256	0	0.4248	0	0.10381	0	0	0.963	0.24217	0.70924	0.08681	0.1118	0.16308	0.04675	0	0.09385	0	0	0.07363	0.42912	0.10254	0.22014	0	0.28406	0.36772	0.26281	0.25192	0.77079	0.24135
Aggregatilinea	0	0	0.74796	0	0	0.43557	0	0	0	0	0	0	0	0	0	0	0	0	0	0	0	0	0	0	0	0	0	0	0	0	0.19989	0	0	0	0	0.09833
Anaerolinea	0	0.04824	0.07454	0.03516	0	0.10163	0	0	0	0	0	0	0	0	0	0	0	0	0	0	0	0	0	0	0	0.0457	0	0	0	0	0.02893	0.01788	0.08862	0.16253	0.04299	0
Bdellovibrio	0	0	0	0.09269	0.06843	0	0.04615	0.09947	0	0	0	0	0	0.0615	0	0.23515	0.10826	0	0	0	0	0	0	0	0.09271	0	0	0	0	0	0.04997	0	0.11613	0.03521	0	0
Pseudobdellovibrio	0	0	0	0.0831	0.06248	0	0	0	0	0	0	0	0	0	0	0	0.02872	0	0.043	0	0	0	0	0.05874	0	0	0.06179	0	0	0	0	0	0	0	0	0
UTCFX1	0	0	0.09194	0	0	0	0	0	0	0	0	0	0	0	0	0	0	0	0	0	0	0	0	1.06176	0	0.22851	0	0	0	0	0.0868	0.09704	0	0.10564	0	0.12515
Oligoflexus	0	0	0	0	0	0	0	0	0	0	0	0	0	0.02706	0.07314	0	0	0.11574	0	0	0	0	0	0	0	0	0	0	0	0	0	0	0	0	0	0.11174
Peredibacter	0.04371	0.12864	0.05964	0	0.0119	0	0	0	0	0.03939	0	0	0.04743	0.0984	0	0	0.03314	0.04823	0	0	0	0	0	0	0	0	0.06866	0	0	0	0.05786	0.07406	0	0	0	0.05363
Vampirovibrio	0	0	0	0	0	0	0	0	0	0	0	0	0	0	0	0	0	0	0	0	0	0	0	0	0	0	0	0	0	0	0	0.04341	0	0	0	0
Sphingobium	0.13449	0	0	0.22694	0	0	0	0.4352	0	0	0	0	0.06775	0.30994	0.15237	0	0.19221	0	0	0	0	0	0	0	0.47563	0.18534	0.25403	0	0	0	0.22619	0.10215	0.50729	0.18149	0.2426	0
Rhodomicrobium	0	0.0603	0.07206	0	0	0	0	0	0	0	0	0.27879	0	0	0	0	0	0	0	0	0	0	0	0	0	0	0	0	0	0	0	0	0	0	0	0
Pseudorhodoplanes	0	0.1407	0	0.18219	0	0	0.24964	0	0	0	0	0	0	0.11807	0.15847	0	0	0.28614	0.19781	0.27819	0	0	0.11309	0	0.17332	0.05332	0	0	0	0.09065	0.31037	0	0.15585	0.51468	0.03992	0
Bauldia	1.13307	0.27336	0.66844	0.58812	0.12198	0.41379	1.38038	0.09947	0	0.15192	0	0.27879	0.16938	0.13529	0.53026	0.47031	0.17455	0.62372	0.75253	0.63313	0.54849	0.42607	0.98654	0.25753	0.38293	1.43197	0.60419	0.99843	0.8194	1.3626	0.41294	0.13279	0.11918	0.25462	0.2426	0
Thermomonas	0	0	0	0	0	0	0	0	0	0.13785	0	0	0	0	0	0	0	0	0	0.1295	0	0	0	0	0	0	0	0	0	0.06799	0	0	0	0	0	0
Arenimonas	0	0	0.22861	0.96848	0	0.61706	0.18041	0.03316	0	0.2532	0	0	0.05759	1.69976	0.66435	0.29131	0.61202	0.11253	0.215	0.50362	0	0	0.58952	0	0	0	0.2815	0.23207	0	0	0	0.64096	0.37589	0.08397	0.49135	0.18325
Pseudoxanthomonas	0	0.21306	0.39759	0.53058	0.02083	0	0	0	1.01414	0.12097	0.34943	0.19278	0.16938	0.17465	0	0.26323	0.31816	0.35046	0.81703	0	0	0	0	0	0	0	0.41194	0	0	0.2323	0.26039	0.13023	0.21086	0.15981	0.5067	0.13855
Chryseotalea	1.59033	0.37788	1.41142	0.23973	1.4191	1.76406	1.67828	0.50566	0.73285	0.24757	0.67724	0.84823	0.74526	1.08234	0.28646	0.72653	0.73133	1.96438	1.38894	2.59486	1.84181	1.01022	1.41485	0.53314	0.99964	1.15524	0.36732	2.20466	1.64697	2.93767	1.39136	0.59244	0.81593	0.19233	0.42685	0.83578
Rhodoplanes	0.1782	0.57485	0.13915	0.24292	0.17255	0.24319	0.16993	0	0	0.02251	0	0	0	0.10331	0.71311	0	0.03535	0.61407	0.52892	0.59475	0.21503	0.17868	0.40184	0	0.06449	0.12948	0.4497	0.21588	0.86425	0.20113	0.192	0.30899	0.27198	0.09481	0.13819	0
OLB12	0.40683	0	0	0	0.23801	0.25408	0.13636	0.56783	0.85128	0.26726	0.76369	0.48343	0.78591	0.7724	0	0.48084	0.29828	0	0	0	0	0	0.06978	0.28916	0.22975	0	0	0.04857	0	0.05949	0.05523	0.68948	0.11307	0.03792	0.05528	0.06704
Hassallia	0.3026	0.10854	0.55414	0.35798	0.21718	1.11434	0.71326	0.14921	0.34051	0.35729	0.1549	0.08304	0.06098	1.18565	0.21942	0.26674	0.11489	0.3215	0.2064	0.86815	0.4363	0.5051	0.94806	0.497	0.62074	0.27929	0.25403	0.28334	0.1916	0.24929	0.90478	0.82993	1.39047	0.04334	0.51898	0.59444
Ohtaekwangia	0.67918	0.13668	0.76784	0.89498	0.41056	0.86388	1.01536	0.86625	0.48856	0.64986	0.27377	0.35887	0.09824	0.77485	0.22551	0.35448	1.38974	0.97739	0.76543	0.42688	1.22476	1.00332	1.09003	1.50003	0.85855	0.56365	0.64882	0.46145	1.15368	0.4136	0.66018	0.59499	1.40574	0.39819	1.23142	1.47045
Algoriphagus	0	0	0.14412	0.90456	0.02975	0.92922	0.0944	0	0.43675	0.26163	0.09726	0	0.04743	0.13284	0.74968	0	0	0	0	0.07674	0	0	0.04091	0.10392	0	0	0.12702	0	0	0	0	0.27579	0.16502	0	0.32244	0
Emticicia	0.07061	0	0.03976	0	0.05355	0.03993	0	0.32328	0.46636	0.25601	0	0	0.13889	0.09101	0	0.30184	0.232	0	0	0	0	0	0	0	0	0.04824	0	0	0.06115	0.04249	0.01578	0	0.0489	0.02167	0	0
Adhaeribacter	0	0	0	0	0	0	0	0	0	0	0	0	0	0.10331	0	0	0	0	0	0.15828	0	0	0	0	0	0	0	0	0.02446	0	0	0	0	0	0	0
Pseudarcicella	0	0	0	0	0	0	0	0	0	0	0	0	0	0	0	0	0	0	0	0	0	0	0	0	0.01612	0	0	0	0	0	0	0	0	0	0	0
Spirosoma	0	0	0	0	0	0	0	0	0	0	0	0	0	0	0	0	0.03314	0	0	0	0	0	0	0	0	0	0	0	0	0	0	0	0	0	0	0
Siphonobacter	0	0	0	0	0	0	0	0	0	0	0	0	0	0.01476	0	0	0	0	0	0	0	0	0	0	0	0	0	0	0	0	0	0	0	0	0	0
Lacihabitans	0	0	0	0	0.16363	0	0	0.41033	0	0.03376	0	0	0	0.42801	0	0.08424	0	0	0	0	0	0	0	0	0	0	0	0	0	0	0	0	0	0	0.05835	0
Huanghella	0	0	0	0	0	0	0	0	0	0	0	0	0.11856	0	0	0	0	0	0	0	0	0	0	0	0	0	0	0	0	0	0	0	0	0	0	0
Imperialibacter	0.04371	0	0	0.03836	0.13388	0	0.03776	0	0	0	0	0	0.0271	0.06888	0	0	0	0.08359	0.0301	0	0	0	0	0	0	0	0.05836	0.07556	0.21199	0.10198	0.03682	0	0	0.01625	0	0
Arcicella	0	0	0	0	0.08033	0	0	0.315	0	0.03095	0	0	0.09485	0.27058	0	0.1088	0.06407	0	0	0	0	0	0	0	0	0	0	0	0	0	0	0	0.01528	0	0	0
Runella	0	0	0	0	0	0	0	0	0	0	0	0	0	0	0	0	0.03314	0	0	0	0	0	0	0	0	0	0	0	0	0	0	0	0	0	0	0
Persicitalea	0	0	0	0	0	0	0	0	0	0	0	0	0	0	0	0	0.05745	0	0	0	0	0	0	0	0	0	0	0	0	0	0	0	0	0	0	0
Dyadobacter	0	0	0.2137	0.07032	0.11603	0	0.05874	0.17408	0	0.05627	0.05764	0	0	0.13775	0	0.24568	0.45736	0	0	0	0	0	0.03369	0	0	0	0.05149	0	0	0	0.09732	0	0.07334	0	0	0
Sporocytophaga	0	0	0	0	0	0	0	0.04974	0	0	0	0	0	0.0246	0	0	0	0	0	0	0	0	0	0	0	0	0	0	0	0	0	0	0	0	0	0
Chryseolinea	0.2051	0.17286	0.67838	0.6936	0.62773	0.20689	0.80975	0.23625	1.24362	0.15754	0.23776	0.17499	0.4099	0.85355	0.4693	0.2527	0.17896	0.08359	0.64072	0.58036	1.08765	1.85892	0.85661	1.47743	2.12423	0.36815	0.24716	0	0	0.11048	0.35245	0.54903	0.58064	0.53633	0.7063	0.31733
Marinoscillum	0	0.11658	0.05715	0.02877	0	0	0.07342	0	0	0	0	0	0	0	0	0	0	0.18326	0.0129	0	0.06545	0.14088	0	0.05422	0	0	0	0	0.6115	0.47026	0	0.03064	0	0	0	0
Ekhidna	0	0	0	0	0	0.03267	0	0	0	0	0	0	0	0	0	0	0	0	0	0	0	0	0	0	0	0	0	0	0	0	0	0	0	0	0	0
Neobacillus	0	0	0	0	0	0	0	0	0	0	0	0	0	0	0	0	0	0	0.68802	0.32136	0	0	0	0	0	0	0.06522	0	0	0	0	0	0	0	0	0
Lysinibacillus	0.26562	0.16482	0.16897	0.15662	0	0	0	0	0	0	0	0	0	0	0	0	0	0	0	0	0	0	0	0	0.09674	0	0.39478	0.06206	0	0	0	0	0	0	0	0
Ureibacillus	0	0	0	0	0	0	0	0	0	0	0	0	0	0	0	0	0	0	0	0	0	0	0.06256	0	0	0	0.01716	0	0	0	0	0	0	0	0.07063	0
Ammoniphilus	0	0	0	0	0	0	0	0	0	0.03095	0	0	0	0	0	0	0	0	0.28381	0	0	0	0	0	0	0	0	0	0	0	0	0	0	0	0	0
Tumebacillus	0	0.0402	0	0	0	0	0	0	0	0.01969	0	0	0	0	0	0	0	0.08359	0.73533	0	0	0	0	0	0	0	0.39135	0	0	0.08215	0	0	0	0	0	0
Peribacillus	0	0	0	0	0	0	0	0	0	0	0	0.08304	0	0	0	0	0	0	0	0	0	0	0	0	0	0	0	0	0.13045	0	0	0	0	0	0	0
Mesobacillus	0.11768	0	0	0	0.119	0	0	0	0	0	0	0	0	0.11069	0	0.40011	0.2099	0	0	0	0	0	0	0	0	0	0.10642	0	0	0	0	0	0	0	0	0
Litchfieldia	0	0	0	0	0	0	0	0	0	0	0	0	0	0	0	0	0	0.05144	0	0	0	0	0	0	0	0	0	0	0	0	0	0	0	0	0	0
Ferdinandcohnia	0.06388	0	0	0	0	0	0	0	0	0	0	0	0	0	0	0	0	0	0	0.05756	0	0	0	0	0	0	0	0	0	0	0	0	0	0	0	0
Domibacillus	0	0	0.03976	0	0	0	0	0	0	0	0	0	0	0	0	0	0	0	0	0	0	0	0	0	0	0	0	0	0	0	0	0	0	0	0	0
Priestia	0	0	0	0	0	0	0	0	0	0	0	0	0	0	0	0.02457	0.05745	0	0	0	0	0	0	0	0	0	0	0	0	0	0	0	0	0	0	0
Niallia	0.08742	0.17688	0.07703	0.15342	0	0	0	0	0	0	0	0	0	0	0	0	0	0.16397	0.21931	0	0	0	0	0	0	0	0.13045	0	0	0	0	0	0	0	0	0
Vulcanibacillus	0	0	0	0	0	0	0	0	0	0	0.24135	0	0	0	0	0	0	0	0	0	0	0	0	0	0	0	0	0	0	0	0	0	0	0	0	0
Geobacillus	0.0269	0.04824	0	0.03836	0	0.09437	0	0	0	0	0	0	0	0	0	0	0	0	0	0	0	0	0	0	0	0.04316	0	0.06206	0	0	0.09469	0	0.04584	0.0921	0.06449	0
Parageobacillus	0.06388	0.09246	0.05467	0.0831	0	0.098	0	0	0	0	0	0	0	0.0123	0	0	0	0.08038	0.0774	0.09593	0	0	0	0	0.10883	0.03808	0.08582	0.05667	0	0.06232	0.0526	0	0	0.11919	0	0
Planifilum	0	0	0	0	0	0	0	0	0	0	0	0	0	0	0	0	0	0	0	0.02878	0	0	0	0	0	0	0	0	0	0	0	0	0	0.03251	0	0
Pullulanibacillus	0	0	0	0	0	0	0	0	0	0	0	0	0	0	0	0	0.08396	0	0	0	0	0	0	0	0	0	0	0	0	0	0	0	0	0	0	0
Fictibacillus	0	0	0	0	0	0	0	0	0	0	0	0	0	0.01968	0	0.06318	0.06628	0	0	0	0	0	0	0	0	0	0	0	0	0	0	0	0	0	0	0
CL500-29 marine group	0.13785	0.20502	0	0	0.33618	0	0	0.08704	0.41454	0.34322	0.14049	0.05932	0.09824	0	0	0	0	0	0.0731	0.11991	0	0	0.10347	0	0.07255	0.10664	0	0	0	0	0	0	0	0.19503	0.18118	0
Phenylobacterium	0	0.26532	0	0.24931	0.22908	0	0.14685	0	0	0.12378	0	0.17795	0.11518	0.06642	0.20723	0	0.21874	0.26685	0.47732	0.48923	0	0	0	0.27109	0.57237	0.13457	0.35015	0.26715	0.26091	0.52125	0.13414	0.09448	0.47673	0.14628	0.3378	0
Acidiferrimicrobium	0.16475	0	0.14164	0.05753	0.3927	0.22504	1.27549	0	0	0.25038	0	0.26989	0.47426	0.29764	0	1.31616	0.38224	0.08038	0.32251	0.09593	0.20257	0.18555	0.95287	0.27561	0.61267	0.35038	0.21971	0.32382	0.27721	0	0	0.07406	0.16196	0	0.03992	0
SWB02	0.18829	0.3618	0.72808	1.32327	0.87466	1.2087	6.14039	0.70875	0.50337	0.3826	1.06629	0.86306	1.21951	0.90031	1.23727	0.80374	0.7424	4.86756	4.32595	4.71485	7.01819	5.88942	5.20945	4.31934	4.15173	3.70437	0.81016	4.385	4.6596	2.21529	2.42504	0.9576	1.32629	1.43836	1.4863	1.10396
Parvibaculum	0	0.26532	0	0.04155	0	0	0	0	0	0	0	0	0	0	0	0	0	0.05144	0	0	0	0.03436	0	0	0	0	0	0.11603	0	0.12181	0	0	0	0	0	0
Luteitalea	0.03026	0.08442	0.09443	0.07672	0.04463	0.09074	0.01678	0.0373	0.35532	0.09284	0.09006	0.08898	0.17615	0.15252	0.04266	0.08072	0.17013	0	0	0.01439	0	0	0	0	0.03225	0	0.0206	0	0	0.02266	0.12888	0.05873	0.03667	0.10023	0.07371	0.04023
Vicinamibacter	0	0.02814	0	0	0	0	0	0	0	0	0	0	0	0	0	0	0	0	0	0	0	0	0.02166	0	0	0	0	0.06746	0	0	0	0	0	0	0	0
Hydrogenispora	0	0.1206	0.04473	0.15982	0	0.13067	0	0	0	0	0	0	0	0	0	0	0	0.03215	0.086	0	0	0.07216	0	0.04066	0.05643	0	0	0	0	0.19547	0	0.04852	0	0	0.1689	0
BBMC-4	0	0.01608	0	0	0	0.04719	0	0	0	0	0	0	0	0	0	0	0	0	0	0	0	0	0	0	0	0	0	0	0	0	0	0	0.01528	0.02438	0.0215	0
possible genus 04	0	0	0	0	0.1428	0.05445	0	0.11605	0	0.0422	0	0.32624	0	1.04543	0	0.11582	0.10384	0	0	0.17267	0	0	0.04331	0.07229	0	0.04062	0.06522	0.07286	0	0	0	0	0	0	0	0
Luteolibacter	0.14121	0.09648	0.17643	0.41552	0.40759	0.96551	0.15314	1.53355	0.85128	0.63298	0.59078	0.36777	0.50814	2.60005	0	0.49838	0.15245	0.18005	0.0774	0.28299	0	0	0.32725	0.10392	0.75375	0.11426	0.09269	0	0.20383	0.11898	0.27617	0.38815	0.51034	0.17878	0.22725	0.3799
Neochlamydia	0.0807	0	0	0.01279	0	0.22142	0.07342	0.05388	0	0	0	0.14829	0.1355	0	0.07923	0	0	0.03215	0.0387	0.01919	0	0	0.03609	0	0	0.02031	0	0	0	0	0.0263	0.02043	0.0764	0.02709	0	0
Waddlia	0.1513	0	0	0	0.03273	0	0	0	0	0	0	0	0	0	0	0	0	0.03858	0	0	0	0	0	0	0	0	0.05149	0.01619	0	0	0.04208	0.0383	0	0.04334	0	0.04469
Verrucomicrobium	0	0	0	0	0	0	0	0	0	0	0	0	0.04743	0	0	0.05967	0	0	0	0	0	0	0	0	0	0	0	0	0	0	0	0	0.04278	0	0	0
Candidatus Protochlamydia	0	0	0.0323	0	0	0	0	0	0	0	0	0	0	0.16481	0.06704	0	0.05082	0	0	0.06715	0	0	0	0	0	0	0	0	0	0.0255	0	0	0	0.0298	0	0
SH-PL14	0.42364	0.1407	0	0.02557	0.1666	0.3412	0.31677	0.30256	0	0.19411	0.10807	0.24023	0.13889	0.30994	0	0.28078	0.31374	0.09324	0.1118	0.11032	0.08103	0.1993	0.11069	0	0.14511	0.06855	0	0.05127	0	0	0.03945	0	0	0	0	0.06257
Mariniblastus	0	0	0	0	0.02975	0	0	0.09947	0	0.0647	0.09006	0.08601	0.19648	0	0	0	0	0	0	0	0	0.04811	0	0	0	0	0	0	0	0	0	0	0	0	0	0
Planctomicrobium	0.04035	0	0	0	0.19338	0	0.27692	0.09533	0	0.05345	0	0	0	0.10578	0	0	0	0.23148	0.44722	0.2686	0	0.05841	0.19731	0.0497	0.0524	0.1625	0	0.16191	0.13861	0.1728	0.0263	0	0	0	0	0
Pir4 lineage	1.1129	0.24522	0.41747	0.21735	0.35701	0.19601	0.24545	0.29428	0.22948	0.13785	0.11527	0.11567	0.2168	0.48951	0.28646	0.67738	0.21874	0.1704	0	0	0	0	0.154	0	0.06852	0.27929	0.2197	0.07556	0	0.15581	0.21567	0.11492	0.14363	0.25462	0.32245	0.17878
Pirellula	0.41356	0.19698	0.2137	0.14703	0.86573	0.12704	0.34195	0.35229	0	0.85242	0.03602	0.43895	0.80962	0.50918	0.18894	0.22814	0.58109	0.12218	0	0	0.07168	0	0.04812	0.11295	0.03628	0.09648	0.14761	0.06476	0.09784	0	0.07628	0.143	0.08862	0.08668	0.05835	0.11174
Schlesneria	0	0	0	0	0.08628	0	0	0.07875	0	0	0.08285	0	0	0.07626	0	0.05265	0.07733	0	0	0	0	0	0	0	0	0	0	0	0	0	0	0	0	0	0	0
Planctopirus	0.0538	0	0.0497	0	0	0	0	0.26526	0	0	0.07205	0.1305	0.23374	0	0	0	0	0	0	0	0	0	0	0	0	0	0	0	0	0	0	0	0	0	0	0
Bremerella	0	0	0	0	0	0	0	0	0	0	0.03602	0.03262	0	0	0	0	0	0	0	0	0	0	0	0	0	0	0	0	0	0	0	0	0	0	0	0
Roseimaritima	0.10423	0.0804	0	0.05753	0	0	0	0	0	0	0	0	0	0	0	0	0	0	0	0	0	0	0	0	0	0	0	0	0	0	0	0	0	0	0	0
Abditibacterium	0.03026	0.0804	0	0.05753	0.05653	0.25045	0	0.0373	0	0	0	0	0	0	0.07314	0.10529	0.10826	0	0.043	0.04317	0	0	0	0	0	0	0	0.04857	0.0693	0.01416	0.03945	0	0	0	0.0737	0.06704
Roseimicrobium	0.37321	0.17688	0.164	0.10228	0	0.2323	0.13846	0	0	0	0	0	0.08131	0.15005	0.37179	0.07721	0.0928	0.08681	0	0	0	0.12713	0.1155	0	0.12495	0.10156	0.25747	0.13762	0	0	0.13151	0.29877	0	0	0	0.31733
Prosthecobacter	0.1513	0	0	0	0.46114	0.26134	0.04405	0.31914	0	0	0	0.14236	0.08808	0.18449	0.27427	0.38958	0	0.11253	0.1075	0	0	0	0	0	0	0.07617	0	0.18619	0.05707	0.24363	0.16307	0	0.1803	0.10022	0	0
Brevifollis	0	0	0.06709	0	0	0	0	0	0	0.09002	0	0	0.07791	0.03936	0	0	0.14583	0	0	0	0	0	0	0	0	0	0	0	0	0	0	0.09704	0.06723	0	0	0
DEV008	0	0	0	0	0.29454	0	0.06923	0.32329	0	0.11253	0.09006	0.19278	0.17615	0.28289	0	0.45276	0.36236	0.04501	0	0	0.26801	0.11339	0.10587	0	0.02015	0.09394	0	0	0	0.09915	0.03682	0	0	0	0	0
DEV114	0.20846	0	0	0	0	0	0	0	0	0	0	0	0	0	0	0	0	0	0	0	0	0	0	0	0	0	0	0	0	0	0	0.00511	0	0	0	0
Oikopleura	0	0	0	0	0	0	0	0	0	0	0	0	0	0	0	0	0.03314	0	0	0	0	0	0	0	0	0	0	0	0	0.05382	0.18674	0	0	0	0	0
ADurb.Bin063-1	0	0	0	0	0	0	0	0	0	0	0	0	0	0	0	0	0	0	0	0	0	0	0	0.38856	0	0.00508	0	0	0	0	0	0	0	0	0	0
SH3-11	0	0	0	0	0	0	0.05035	0	0	0	0	0	0	0.06888	0	0	0	0	0	0	0.05298	0	0.04572	0	0	0	0	0	0	0.02833	0	0	0	0	0	0
Terrimicrobium	0	0	0	0	0.16958	0	0	0.11191	0	0	0	0	0.12873	0.13037	0	0.1439	0.12152	0	0	0.02878	0	0	0	0	0	0	0	0	0	0	0	0	0	0	0	0.1028
RS25G	0	0	0	0	0	0	0	0	0	0	0	0	0	0.11808	0	0	0	0	0	0	0	0	0	0	0	0	0	0	0	0	0	0	0	0	0	0
Ellin517	0.55477	0.41004	0.39261	0.71917	0	0.68966	0.31678	0	0	0.09002	0	0	0	0.05166	0.1158	0.14741	0.5148	0.19933	0.37842	0.04317	0	0.13401	0.32003	0	0.13302	0.2539	0.16135	0.12413	0.46473	0.30878	0.29984	0.08938	0.51035	0.05147	0.07677	0
Chthoniobacter	2.13503	0.68741	0.39758	0.76712	0.27074	0.91107	0.52026	0.21553	0.50336	0.32071	0.18012	0.04152	0.11517	0.58298	1.3348	0.27377	0.20548	1.38248	0.78262	0.52761	0.39579	0.50854	0.8133	0.03163	0.08465	0.49256	0.57329	0.78255	1.65921	0.7932	0.42083	1.16957	0.65397	0.31151	0.72471	1.08161
Pedosphaera	0	0	0	0	0	0	0	0	0	0	0	0	0	0	0	0.02457	0	0	0	0	0	0	0	0	0	0	0	0	0	0	0	0	0	0	0	0
Candidatus Xiphinematobacter	0	0	0	0	0	0	0	0	0	0	0	0	0	0	0	0	0	0	0	0	0	0	0	0	0	0.08379	0	0	0	0	0	0	0	0	0	0.06704
Gemmata	0.10759	0	0	0	0.42544	0	0.91885	0.29014	0	0.32916	0.14049	0.2432	0.47426	0.21647	0.09752	0.57209	0.10163	0.09645	0.15481	0.15348	0.26801	0.43638	0.5005	0.21235	0.99964	0.32753	0	0.13223	0	0.16431	0.07365	0	0	0	0	0
Fimbriiglobus	0	0	0.07455	0.04155	0.21123	0	0.10699	0.58026	0.17766	0	0.43948	0.34404	0.57927	0.41571	0	0	0.28501	0.14789	0	0.39331	0	0.30581	0.10106	0.06325	0.18542	0.09648	0.16821	0.07285	0.13861	0	0	0	0.06112	0	0.14127	0
Zavarzinella	0	0	0	0	0	0	0	0.14092	0.49596	0.05627	0	0.18685	0	0	0	0	0	0	0	0.02398	0	0	0	0	0	0	0.03776	0	0	0	0	0	0.0489	0	0	0
Telmatocola	0	0	0	0	0	0	0	0	0	0	0	0	0	0	0	0.02457	0.12594	0	0	0	0	0	0	0	0	0	0	0	0	0	0	0	0	0	0	0
Ga0074140	0	0	0	0	0.09223	0	0	0.03315	0	0	0	0	0	0	0	0	0	0	0	0	0	0	0.02647	0	0	0	0	0.01349	0	0	0	0	0	0	0	0
Stenotrophobacter	0	0	0.20128	2.20546	0.12495	0	1.31954	0.13678	0.39233	0.16598	0.1621	0	0	0.06888	0	0	0.07291	0.13182	0.19781	0	4.68088	1.09611	1.81188	0	0.30634	1.36597	0	0	0.24052	0	0.13677	0.97549	0.34838	0.29255	0.42685	0.17431
JGI 0001001-H03	0.40683	0.32562	1.8438	0.13105	0.30346	0.35209	0.22447	0	0	0	0	0	0.0542	0	0.33522	0.15794	0.20769	0.09324	0	0.34534	0.32411	0	0.5799	0.17169	0.07255	0.28183	1.64092	0.23477	0.11415	0.11615	1.14414	0.29111	0.62342	0.63385	0.71244	0.53634
Blastocatella	0	0	0	0	0.08925	0	0.0944	0	0	0	0	0	0	0	0	0	0.03977	0.12217	0	0	0	0	0.06256	0	0	0.07871	0.16135	0.15381	0	0.28045	0	0	0.15585	0	0	0.06704
Aridibacter	0.05716	0	0	0.04475	0.13388	0	0	0	0	0	0	0	0	0	0.07314	0	0.08396	0.18647	0.16771	0.35973	0	0	0	0	0.07659	0	0	2.01306	0.11822	0	0.07102	0	0.16502	0	0	0
Sumerlaea	0.10087	0	0.082	0.01598	0	0	0.27482	0	0	0	0	0	0	0	0	0	0	0.24435	0	0	0.34904	0.40889	0.02647	0.37953	0.12899	0.87087	0	0.01889	0.04077	0.05666	0	0	0	0	0	0
type III	0	0.17286	0.01988	0	0	0	0	0.10777	0	0	0	0	0	0.21646	0	0	0.87273	0	0.1806	0	0	0	0	0	0.1048	0.05586	0	0.1862	0	0	0	0	0	0	0	0
UBA12409	0.03362	0	0	0.07671	0.04165	0.0363	0.05874	0.05388	0	0	0.11167	0	0.07115	0.07134	0.08533	0.08423	0.03977	0.03215	0.0473	0	0.25555	0.02749	0.1155	0	0.06449	0.05586	0	0	0.19161	0.12181	0	0.02554	0	0.04064	0.0522	0.07598
OLB13	0	0.34169	0	0.04475	0	0.10163	0.04405	0	0	0	0	0.08601	0	0	0	0	0	0.16397	0	0.09113	0	0.03092	0	0	0	0	0	0.12683	0	0.06516	0	0	0	0	0.09213	0
Desulfobulbus	0	0	0	0	0	0	0	0.17408	0	0	0	0	0	0	0	0	0	0	0	0	0	0	0	0.10392	0	0.04824	0	0	0	0	0	0	0	0	0	0
Desulfocastanea	0	0	0	0	0.02975	0	0	0	0	0	0.16931	0.24914	0	0	0	0	0	0	0	0	0	0	0	0	0	0	0	0	0	0.26912	0	0	0	0	0	0
Desulfopila	0	0	0	0	0	0	0	0	0.92531	0	0	0	0	0	0	0	0	0	0	0	0	0	0	0	0	0	0	0	0	0	0	0	0	0	0	0
OLB17	0	0	0	0	0	0	0	0	0	0	0	0	0	0	0	0	0	0	0	0	0	0	0	0	0.00806	0	0	0	0	0	0	0	0	0	0	0
Muricauda	0	0	0	0	0	0	0	0	0	0	0	0	0	0	0.01219	0	0	0	0	0	0	0	0	0	0	0	0	0	0	0	0	0	0	0	0	0
Labrys	0	0	0.07455	0	0	0	0	0	0	0	0	0	0	0	0	0	0	0	0	0.14869	0	0	0	0	0	0	0	0	0	0.09632	0	0	0	0	0	0
Aquaticitalea	0.07061	0	0	0	0	0	0	0	0	0	0	0	0	0	0	0	0	0	0	0	0	0	0	0	0	0	0	0	0	0	0	0	0	0	0	0
Flavobacterium	0.44719	0.23316	1.8612	1.74837	0.47604	2.41015	1.1622	1.6869	0.50336	1.10279	0.05043	0.53089	0.5725	1.52264	0.98737	1.37934	0.13698	0.15111	0.1634	0.46047	0.05298	0.02405	1.1983	2.35395	3.05533	0.45194	0.39135	0.05667	0.59926	0.3626	0.44187	0.99335	1.7969	0.25191	1.74425	0.55421
Crocinitomix	0.0269	0.01608	0.19631	0.0863	0	0	0	0	0	0	0	0.02076	0	0.02952	0	0	0	0.10288	0.0602	0	0	0	0	0	0	0	0	0	0.16307	0.08215	0	0	0.13141	0.0298	0	0
Apibacter	0	0	0	0	0	0	0	0	0	0	0	0	0	0	0	0	0	0	0	0	0	0	0.00722	0	0	0	0	0	0	0	0	0	0	0	0	0
Chryseobacterium	0.02017	0	0	0	0	0.94737	0	0	0	0.03657	0	0	0	0	0	0.04212	0	0.02894	0	0	0	0	0	0	0	0.4951	0	0	0	0	0	0.13789	0.06418	0.07855	0.02764	0.2056
Ignavibacterium	0	0	0	0	0	0	0	0	0	0	0	0	0	0	0	0	0	0	0	0	0	0	0	0.28464	0	0	0	0	0	0.20963	0	0	0	0	0	0
Edaphobaculum	0.32278	0.03618	0.17394	0.22694	0	0	0	0	0	0	0	0	0	0	0.09752	0	0	0	0	0	0.0561	0.04467	0.08181	0	0.05643	0.11171	0.18881	0	0.05707	0.09065	0.49184	0.17365	0.40033	0.04605	0	0
Nemorincola	0	0.07236	0.08448	0.05434	0	0.10889	0.10489	0	0	0.03657	0	0	0	0	0	0	0	0.10932	0	0	0.10284	0	0.09865	0.25302	0	0.0584	0	0	0	0.13598	0.07628	0.13534	0.13446	0	0.11055	0
Taibaiella	0.02017	0	0	0.17899	0	0.06171	0	0.05388	0	0	0	0	0	0	0	0	0	0	0	0	0	0	0	0	0	0	0	0	0	0	0	0	0	0	0.06449	0
Rurimicrobium	0	0	0	0	0	0	0	0	0	0.03657	0	0	0	0	0	0	0	0	0	0	0	0	0	0	0	0	0	0	0	0	0	0	0	0	0	0
Rs-D38 termite group	0	0	0	0	0	0	0	0.04145	0	0	0	0	0	0	0	0	0	0	0	0	0	0	0	0	0	0	0	0	0	0	0	0	0	0	0	0
Alkaliflexus	0	0.02814	0	0	0	0	0	0	0	0	0	0	0	0	0	0	0	0	0	0	0	0	0	0	0	0	0	0	0	0	0	0	0	0	0	0
Edaphocola	0	0	0	0	0	0	0.03147	0	0	0.03657	0	0	0	0	0	0	0	0	0	0	0	0	0.19009	0	0.01612	0.12695	0	0	0.04077	0	0	0	0	0	0	0
Fermentimonas	0	0	0.0323	0.07032	0	0	0	0	0	0	0	0	0	0	0.02438	0	0	0	0	0	0	0.05154	0	0	0	0	0.0206	0	0	0	0	0	0.03056	0.06501	0.02764	0.01788
Dysgonomonas	0	0	0	0	0	0	0	0.05803	0	0	0	0	0	0	0	0	0	0	0	0	0	0	0	0	0	0	0	0	0	0	0	0	0	0	0	0
Fluviicola	0	0	0.0323	0.06393	0.36296	0.2069	0	0.15336	0	0.18567	0	0.05042	0	0.18941	0.1219	0.74406	0.24746	0	0	0	0	0	0.03609	0	0.03628	0.10156	0	0	0.09376	0.03116	0.10521	0	0.41255	0	0.05835	0
Litorilinea	0	0	0.05715	0	0	0	0	0	0	0	0	0	0	0	0	0	0	0	0	0	0	0	0	0	0	0	0	0	0	0	0	0	0	0	0	0
WCHB1-32	0	0	0	0	0	0	0	0.05803	0	0	0	0	0	0	0	0	0	0	0	0	0	0	0	0	0	0	0	0	0	0	0	0	0	0	0	0
Flavipsychrobacter	0	0	0	0	0	0	0	0	0	0	0	0	0	0	0	0	0	0	0	0	0	0	0	0	0	0	0	0	0	0	0	0	0.03056	0	0	0
Ruminofilibacter	0.01345	0	0	0	0	0	0	0	0	0	0	0	0	0	0	0	0	0	0	0	0	0	0	0	0	0	0	0	0	0	0.05523	0.03064	0	0	0.03378	0.06704
wb1-A12	0	0	0	0	0	0	0	0.0373	0	0	0	0	0.03049	0	0	0	0	0	0	0	0	0	0	0	0	0	0	0	0	0	0	0	0	0	0	0
Syntrophobacter	0	0	0	0	0	0	0	0	0	0	0	0	0	0	0	0	0	0	0	0	0	0	0	0	0	0	0	0	0	0	0.20253	0.08427	0.14669	0.08668	0.04913	0.1609
Arcobacter	0.03026	0	0	0.01279	0	0	0	0	0	0	0	0	0	0	0	0	0	0.02251	0	0	0.06233	0	0	0	0	0	0	0	0.05707	0	0	0	0	0	0	0
Anaerobacterium	0	0	0	0	0	0	0	0	0	0	0.11527	0	0	0	0	0	0	0	0	0	0	0	0	0	0	0	0	0	0	0.05666	0	0	0	0	0	0
Romboutsia	0	0	0	0	0	0	0	0	0	0	0	0	0	0	0	0	0	0	0	0	0	0	0	0	0.03628	0	0	0	0	0	0	0	0	0	0	0
Anaerovorax	0	0	0	0	0	0	0	0	0	0	0.16571	0	0	0	0	0	0	0	0	0	0	0	0	0	0	0	0	0	0	0	0	0	0	0	0	0
Salinibacterium	0.57494	0.20904	0	0	0	0	0	0	0	0	0	0	0	0	0	0	0	0	0	0	0	0	0	0	0	0	0	0	0	0	0	0	0	0	0	0
Ilumatobacter	0.40347	0.17688	0.36031	0.32922	0.32428	0.80217	0	0.46836	0	0.55984	0.42507	0.21354	0.31504	0.55345	0.28037	0.34045	0.04419	0.10288	0	0.18226	0.03428	0	0	0	0	0	0.42568	0	0	0	0.58127	0.28856	0.87095	0.50925	0.823	0
C1-B045	0	0	0	0	0	0	0	0	0	0	0	0	0.04743	0	0	0	0	0	0	0	0	0	0	0	0	0	0	0	0	0	0	0	0	0	0	0
Oryzobacter	0	0	0	0	0	0	0	0	0	0.1266	0	0	0	0	0	0	0	0	0	0	0	0	0	0	0	0	0	0	0	0	0	0	0	0	0	0
Streptomyces	0.8372	0	0.32801	0	0	1.33212	0.18461	0.08289	0	0.60203	0.1621	0.21947	0.45732	0	0	0.3229	0.41759	0.27649	0.27951	0.24941	0	0	0.35131	0	0	0.68553	0.47717	0.93907	0.30575	0	0.69437	0.33197	0	0.19503	0.37465	0.41119
Streptantibioticus	0	0	0	0	0	0	0	0	0	0	0	0	0	0	0	0	0	0	0	0	0	0.38828	0.37778	0	0	0.21581	0	0	0	0	0	0	0	0	0	0
Rhodococcus	0	0	0	0	0	0	0	0	0	0	0	0	0	0	0	0	0	0	0	0	0	0	0	0	0	0	0	0	0	0	0	0	0	0	0	0.08492
Lentzea	0	0	1.16045	0	0	0.27949	0	0	0	0	0	0	0	0	0	0	0	0	0	0	0	0	0	0	0	0	0.36045	0	0	0	0	0	0	0	0	0
Paenarthrobacter	0	0	0	0	0	0	0	0	0	0	0	0	0	0	0	0.06669	0	0	0	0	0	0	0	0	0	0	0	0	0	0	0	0	0	0	0	0
Actinotalea	0	0	0	0	0	0	0	0	0	0	0	0	0	0	0	0	0	0	0	0	0	0	0	0	0	0	0	0	0	0	0.18148	0	0	0.43882	0	0
Galbitalea	0	0	0.35286	0.15023	0	0.85299	0.3902	0	0	0	0	0	0	0	0.49369	0	0	0.52726	0.37841	0.68588	0	0.37453	0	0	0.42726	0	0.51493	0.63414	0.41989	0.34278	0	0.12002	0.35449	0	0	0.63467
Agromyces	0	0	0	0	0	0	0	0	0	0	0	0	0	0	0	0.00351	0	0	0	0	0	0	0	0	0	0	0	0	0	0	0.01841	0	0	0	0.04913	0
Demequina	0.20846	0.55475	0	0.46347	0	0.41017	0	0	0	0	0	0	0	0	0	0	0	0	0	0	0	0	0	0	0	0	0.30552	0.24556	0	0	0	0.14556	0.16502	0.21399	0.39922	0.14749
Lelliottia	0	0	0	0	0	0.10889	0	0.45178	0	0	0	0	0	0.09348	0	0	0	0	0	0.03357	0	0	0	0	0.2096	0	0	0	0	0	0	0	0	0	0	0
Erwinia	0	0	0	0	0	0	0	0	0	0	0	0	0	0	0	0	0	0	0	0.02878	0	0	0	0	0	0	0	0	0	0	0	0	0	0	0	0
Enterobacter	0	0	0	0	0	0	0	0	0	0.28695	0	0	0	0	0	0	0	0	0	0	0	0	0	0	0	0	0	0	0	0	0	0	0	0	0	0
Mycobacterium	0.12104	0	0.15655	0	0	0.50817	0.18041	0	0	0	0	0	0	0	0.18285	0	0	0	0	0	0	0	0	0	0	0.23867	0	0.09175	0	0.09915	0	0	0	0	0.11362	0
Pseudarthrobacter	0	0	0	0	0	0	0	0	0	0.93963	0	0	0	0.57806	0	0.33694	0.73796	0	0	0	0	0	0	0	0	0	0	0	0	0	0.11047	0	0	0	0	0
Actinoplanes	0.21518	0	0	0	0.31238	0	0	0.37303	0	0.723	0.43588	2.40531	0.20664	0.27304	0	0.45627	0	0	0	0	0	0	0	0	0.39502	0	0	0	0	0.11898	0	0	0	0	0	0
Nocardia	0	0	0	0	0	0	0	0	0	0	0	0	0.31843	0	0	0	0	0	0	0	0	0	0	0	0	0	0	0	0	0	0	0	0	0	0	0
Ruminiclostridium	0	0	0	0	0	0	0	0	0	0	0	0	0	0	0	0	0	0	0	0	0	0	0	0	0	0	0	0	0	0.33711	0	0	0	0	0	0
Clostridium	0	0	0	0	0	0	0	0	0	0	0	0	0	0	0	0	0	0	0	0	0	0	0	0	0.04031	0	0	0	0	0	0	0	0	0.01896	0	0
Lutispora	0	0	0	0	0	0	0	0	0	0	0	0	0	0	0.01219	0	0	0	0	0	0	0	0	0	0	0	0	0	0	0	0	0	0	0	0	0
Sulfurovum	0	0	0.01242	0	0	0	0	0	0	0	0	0	0	0	0	0	0	0	0	0	0	0	0	0	0	0	0	0	0	0	0	0	0	0	0	0
Aeromonas	0	0	0.13667	0	0	0.2323	0.47621	0	0	0.8074	0	0	0	0.18941	0.45103	0.04914	0.04419	0	0	0	0	0	0.10347	0.18976	0.98352	0	0	0	0	0	0	0.16088	0	0	0.08598	0
Candidatus Solibacter	0.27907	0.32963	0.97905	0	0.30643	0.2686	0.23286	0.28599	0	0.11816	0.43227	0.09787	0.45732	0.14513	0	0.22813	0.42201	0.56907	0.34401	0.28299	0.71366	0.7903	0.63525	1.71689	0.62477	0.83531	0.46344	0.26715	0.50959	1.79321	0.5576	0	0	0.23566	0.15969	0.40225
Kribbella	0.28579	0	0	0	0	0.22868	0	0	0	0	0	0	0	0	0	0	0	0	0	0	0	0	0.06737	0	0	0	0	0	0	0	0	0	0.51951	0.16524	0	0
Gemmatimonas	0.12104	0.16884	0.03727	0.18858	0	0	0	0	0	0	0	0	0	0	0	0	0.11268	0	0.0602	0	0.23685	0.1237	0.17565	0	0.23379	0.47478	0.27806	0.09445	0.28944	0.2068	0.04208	0	0	0.12731	0	0
Deferrisoma	0	0	0	0	0	0	0	0	0	0	0	0	0	0	0	0	0	0	0	0	0	0	0	0	0	0	0	0	0	0.01416	0	0	0	0	0	0
Desulfomicrobium	0	0	0	0	0.00595	0	0	0	0	0	4.16427	0	0	0	0	0	0	0	0	0	0	0	0	0	0	0	0	0	0	0	0.02104	0	0	0	0	0
Nannocystis	0.05043	0.29346	0	0	0	0.06897	0.04196	0	0	0	0	0	0	0.02214	0	0.01053	0	0	0	0	0	0	0	0	0	0	0.09269	0	0	0.02266	0	0	0.10085	0.06772	0	0.08492
OM27 clade	0.21182	0	0.06709	0	0	0	0	0.08704	0	0.25882	0.22695	0.14236	0.10163	0.0369	0	0.05265	0.15466	0.14789	0.0903	0.10072	0.12777	0.2096	0.14678	0	0.07659	0.18789	0.02746	0.12143	0.04077	0.28894	0.16308	0.05873	0.24142	0.0623	0.27638	0
BD1-7 clade	0.23872	0.9889	0.08697	0.4315	0.12794	0	0.1846	0.315	0	0	0.34222	0.30549	0.53862	0.07626	0.15847	0.05265	0.05082	0.20576	0.1419	0.36932	0	0.14775	0	0	0.10077	0	0.14075	0.05397	0	0.2068	0	0.12002	0.15585	0.23837	0	0
Desulfocurvibacter	0	0	0	0	0	0	0	0.29013	0	0	0	0	0	0	0	0	0	0	0	0	0	0	0	0	0	0	0	0	0	0	0	0	0	0	0	0
Sporichthya	0	0	0	0	0	0	0.09231	0	0	0	0	0	0.22696	0	0	0.15794	0.19443	0	0	0	0	0	0	0	0	0.18788	0	0	0	0	0	0	0	0	0	0.15196
Desulfovibrio	0	0	0	0	0	0	0	0.12435	0	0	0	0	0	0	0	0	0	0	0	0	0	0	0	0	0	0	0	0	0	0	0	0	0	0	0	0
P3OB-42	0	0.2211	0.10685	0	0	0.02904	0.01468	0	0	0	0	0	0	0	0	0.01755	0	0.12862	0.0989	0	0.08102	0.03092	0	0.17621	0.00403	0.0457	0.07209	0	0	0.12748	0.02893	0	0.03056	0.08668	0.14126	0
Humidesulfovibrio	0	0	0	0	0	0	0	0	0	0	0	0	0	0	0	0	0	0	0	0	0	0	0	0	0	0	0	0	0	0.81586	0	0	0	0	0	0
Enhygromyxa	0	0	0	0	0	0	0	0	0	0	0	0	0	0.00246	0	0	0	0	0	0	0	0	0	0	0	0	0	0	0	0	0	0	0	0.09752	0	0
Yinghuangia	0	0	0	0	0	0	0	0	0	0	0	0	0	0	0	0	0	0	0	0	0	0	0	0	0	0.08886	0	0	0	0	0	0	0	0	0	0
Sphaerisporangium	0	0	0	0	0	0.37024	0	0	0	0	0	0	0	0	0	0	0	0	0	0	0	0	0	0	0	0	0	0	0	0	0.4182	0	0	0	0	0
Oxobacter	0	0	0	0	0	0	0	0	0	0	0	0	0	0	0	0	0	0	0	0	0	0	0	0	0	0	0	0	0	0.06799	0	0	0	0	0	0
Bacteriovorax	0	0	0	0.01918	0	0	0	0	0	0	0	0	0	0.03198	0	0	0	0	0	0	0	0	0	0	0	0	0	0	0	0	0	0	0	0	0	0
Gracilibacter	0	0	0	0	0	0	0	0	0	0	0	0	0	0	0	0	0	0	0	0	0	0	0	0	0	0	0	0	0	0.25779	0	0	0	0	0	0
Kineobactrum	0.34967	0	0	0.53698	0	0.52268	0	0	0	0.1069	0.14049	0	0.26762	0.72074	0	0	0	0	0	0	0	0	0	0.04067	0	0	0.03433	0	0	0	0.4261	0.50562	0.36366	0.05418	0.42685	0.2056
Aeromicrobium	0	0	0	0	0.27668	0	0	0	0	0.23913	0	0	0.44038	0.19187	0	0.49137	0	0	0	0	0	0	0.13475	0	0	0.10664	0	0	0	0	0	0	0	0	0	0
Marmoricola	0	0	0.10188	0	0	0	0.13845	0	0	0.98464	0	0	0	0	0	0	0	0	0	0	0	0	0.07941	0	0	0.05332	0	0	0	0	0	0	0	0	0	0
Nocardioides	0	0	0	0.12146	0	0	0	0	0	0.9762	0	0	0	0.12054	0	0.26323	0	0	0.1892	0.24941	0	0	0.05775	0	0	0.12949	0	0	0	0	0	0	0	0	0.19961	0
Subgroup 10	0.04035	0.29346	0.75044	0.65844	0	0.16334	0.49299	0	0.0074	0.0647	0	0.37666	0.15244	0.10331	1.67001	0.16145	0.67168	0.05787	0.0731	0.05756	0	0.02749	0.03849	0	0	0.11933	1.68211	0.12413	0.08153	0	0.11836	0.1047	0.41255	1.02933	0.74929	0
Candidatus Megaira	0	0	0	0	0	0	0	0	0	0	0	0	0	0	0	0	0	0.04823	0	0	0	0	0	0	0	0	0	0	0	0	0	0	0	0	0	0
Hydrocarboniphaga	0	0	0	0	0	0	0	0.06217	0	0	0	0.05932	0.09485	0	0	0.33694	0.18338	0	0	0	0	0	0	0	0	0	0	0	0	0	0	0	0	0	0	0
Sphingosinicella	0	0	0.10685	0.11187	0	0	0	0	0	0	0	0	0	0	0	0	0	0	0	0	0	0	0	0	0	0	0	0	0	0	0	0	0	0.17065	0.15354	0
Sphingoaurantiacus	0	0	0	0	0	0	0	0	0	0	0	0	0	0	0	0.05265	0.08838	0	0	0	0	0	0	0	0	0	0	0	0	0	0	0	0	0	0	0
Sandaracinobacter	0	0	0	0	0	0	0	0	0	0	0	0	0	0.0615	0	0	0	0	0	0	0	0	0	0	0	0	0	0	0	0	0	0	0	0	0	0
Croceibacterium	0.41019	1.32256	0.40255	1.92098	0.16958	0.52631	0.31887	0.11605	0	0.20255	0.12248	0.05339	0.22358	0.18695	1.09709	0.47382	0.42864	0.21541	0	0	0.16205	0.10308	0.20452	0.22591	0.09271	0.08379	1.13285	0.31842	0	0.23796	0.62072	0.64607	0.69981	0.5553	1.28669	0.29052
Rhizorhabdus	0	0	0.11182	0.3452	0.14875	0.27223	0.01888	0.23625	0	0	0	0.13346	0.27778	0.06396	0	0.40362	0.21873	0	0	0	0	0.03092	0.09144	0.11747	0	0.0457	0.12702	0	0.04484	0	0.24197	0.17109	0.38811	0.17878	0.23953	0
Sphingomonas	0	0	1.01136	0.19178	0.34809	0.29401	0.28531	0.35231	3.39034	2.57411	0.82493	0.58131	1.29742	0.30994	0.79844	1.41443	1.33451	0.4051	0.44722	0.25901	0.11219	0.12026	0.70984	0.6461	0.17735	0.34784	0.43941	0.08905	0.90501	0.19547	0.26828	0.08427	0.42783	0.07855	0.5589	0.38437
MN 122.2a	0	0	0	0	0	0	0	0	0	0	0	0	0	0	0	0	0	0	0	0	0	0	0	0	0	0	0	0.06476	0	0	0	0	0	0	0	0
Sphingopyxis	0.12777	0	0.11182	0.38995	0.1428	0.1706	0	0.16993	0	0.08158	0.21974	0.09787	0.14566	0.27058	0	0.89148	0.2099	0	0.17631	0	0	0	0	0	0	0	0.12702	0	0.08561	0	0.21831	0.143	0.22003	0	0.18118	0
Ellin6055	0.32614	0.1407	0.15158	0.41872	0.26776	0.37023	0.38181	0.27355	0	1.13093	0	0	0.21341	0.35914	0.2377	0.44574	0.48387	0.09002	0.25801	0.34534	0.43007	0.44325	0.55342	0.0994	0.14108	0.12441	1.11912	0.63144	0.29759	0	0.99158	0.08172	0.11001	0.04334	0.19653	0.36203
Hypericibacter	0.34295	0.35778	0.50941	0	0.35105	0.16334	0.22447	0	0	0.01407	0.06484	0.08008	0	0.11807	0.66435	0.11582	0.06186	0.07716	0	0	0.32723	0.457	0.14197	0.56025	0.44742	0.16757	0.23344	0.1727	0.33022	0.27478	0.42609	0.2145	0.25976	0.45507	0.25488	0.33074
Novosphingobium	0.26562	0.2613	0.10685	0.97169	0.33023	0.11252	0.22656	0.89111	0.76986	0.5514	0.68804	0.98763	0.76897	1.24223	0.43274	1.2214	0.80866	0.19933	0.39991	0.3933	0.26178	0.26458	0.39943	0.20783	0.4716	0.44432	0.39135	0.23477	0.59519	0.18697	0.26828	0.36772	0.60201	0.17607	0.59269	0.20113
Altericroceibacterium	0	0	0	0	0	0.19601	0	0	0	0	0	0	0	0	0	0	0	0	0	0	0	0	0	0	0	0	0	0	0	0.12181	0.21305	0	0	0.10564	0.13819	0
Croceicoccus	0.1513	0.09246	0.11431	0.15023	0.0833	0.18512	0	0	0	0	0	0	0	0.05412	0	0.23165	0.0464	0	0.0989	0	0	0.02749	0	0	0	0	0.13732	0	0	0	0.13151	0.1762	0.23836	0.23296	0.18732	0.22347
Sphingorhabdus	0	0	0	0	0.57122	0	0	0.75849	1.16959	0.33759	0.82133	0.17499	0.61992	0.45999	0	0.7546	0.16571	0	0	0	0	0	0	0	0	0	0	0	0	0	0	0	0	0	0	0
Tsuneonella	0	0	0	0	0.14875	0	0	0	0	0.10409	0	0	0	0	0	0.27025	0.15908	0	0	0	0	0	0	0	0	0	0	0	0	0	0	0	0	0	0	0
Alteraurantiacibacter	0	0	0	0	0.0952	0	0	0	0	0	0	0	0	0	0	0	0	0	0	0	0	0	0	0	0	0	0	0	0	0	0	0	0	0	0	0
Erythrobacter	0	0	0	0	0	0	0	0	0	0	0	0	0	0	0	0.06669	0	0	0	0	0	0	0	0	0	0	0	0	0	0	0	0	0	0	0	0
Candidatus Paracaedibacter	0	0	0	0.0831	0	0	0	0	0	0	0	0	0.05759	0	0	0	0	0.04823	0	0	0	0	0.01684	0	0	0	0	0	0	0.13031	0	0.05618	0	0	0	0
Rhodovastum	0	0.07236	0	0.07352	0	0	0.10909	0	0	0	0	0	0.11179	0.2263	0	0	0	0	0	0.09113	0	0.08247	0.05534	0.14458	0.09271	0.09648	0	0.1727	0.22829	0.11048	0	0	0	0	0	0
Pseudohongiella	0	0	0	0	0	0.00363	0	0	0	0	0	0	0	0	0	0	0	0	0	0	0	0	0	0	0	0	0	0	0	0	0	0	0	0	0.03685	0.05363
Methylocaldum	0	0	0	0	0	0	0	0	0	0	0	0	0	0	0	0	0	0	0	0	0	0.08247	0	0	0	0	0	0	0	0	0	0	0	0	0	0
JTB255 marine benthic group	0	0	0	0	0	0	0	0	0	0	0	0	0	0	0	0	0	0	0	0	0.06233	0.04811	0	0	0.07255	0.06094	0	0	0	0	0	0	0	0	0	0
Oleiagrimonas	0	0	0	0	0	0	0	0	0	0	0	0	0	0	0	0	0	0	0	0	0	0	0	0	0	0	0	0	0	0	0	0	0	0	0.00307	0
Panacagrimonas	0	0	0	0	0	0	0.0965	0	0	0	0	0	0	0.15251	0	0.05265	0.16792	0	0	0	0	0	0	0	0	0	0.08239	0	0	0	0	0	0	0	0	0.04916
Fontimonas	0	0	0.07952	0	0	0	0	0	0	0	0	0.05042	0	0	0	0.179	0	0	0	0	0	0	0	0	0	0	0.07552	0	0	0	0	0	0	0	0	0
Coxiella	0	0.18894	0.05467	0.05114	0	0.3775	0.03357	0	0	0	0	0	0	0.04182	0	0	0.04419	0	0	0	0.04675	0	0	0	0	0	0.09269	0	0	0.04533	0.52604	0	0.11001	0	0	0.18325
Rhodopila	0	0	0	0	0	0	0.07762	0	0	0	0.12968	0	0	0.05412	0	0.05265	0.04861	0.05787	0	0	0	0	0	0	0	0	0	0	0	0	0	0	0	0	0	0
Polycyclovorans	0	0	0	0	0.98176	0	0.25803	0.85382	0	0.22787	0.84294	0.66139	1.0332	0.58298	0	0.58613	0.77773	0.22827	0.18061	0	0	0	0.30318	0	0	0.2539	0.05493	0.05397	0	0	0	0	0	0	0	0
Algiphilus	0	0	0	0	0	0.10163	0	0	0	0	0	0	0	0	0	0	0	0	0	0	0	0	0	0	0	0	0	0	0	0	0	0	0	0	0	0
Stagnimonas	0	0	0	0	0	0	0	0	0	0	0	0	0	0.00492	0	0	0	0	0	0	0	0	0	0	0	0	0	0	0	0	0	0	0	0	0	0
Sandaracinus	0.06052	0	0.14412	0.18539	0.08628	0.17423	0	0.12434	0	0	0.11527	0	0.14566	0.06642	0	0.22813	0.15024	0.07395	0	0.11991	0	0.13744	0	0.1988	0.07255	0.18535	0.14075	0	0.24052	0.12465	0	0.27323	0.08862	0.09752	0.19654	0.50505
Kofleria	0	0	0	0	0	0	0	0	0	0.13222	0	0	0	0	0	0	0	0	0	0	0	0	0	0	0	0	0	0	0	0	0	0	0	0	0	0
Wolbachia	0	0	0	0	0	0	0	0	0	0	0	0	0.02033	0	0	0	0	0	0	0	0	0	0	0	0	0	0	0	0	0	0	0	0	0	0	0
Pedomicrobium	0.81367	0.53063	0.62122	0.37077	0.38675	0.70418	0.62095	0.09947	0	0	0.33861	0.1394	0.32182	0	0.51197	0.2492	0.19885	0.643	0.89873	0.60914	0.57031	1.11673	0.50049	0.34338	0.77794	0.30721	0.61449	0.25636	0.46881	0.29178	0.56023	0.38815	0.21697	0.60677	0.57732	0.37544
Filomicrobium	0	0	0.02982	0	0	0	0	0	0	0	0	0	0	0	0	0	0	0	0	0	0	0.05841	0	0	0	0	0	0	0	0	0	0	0	0.11106	0	0
Hyphomicrobium	0.51779	0.402	0.20624	0.3452	0.38676	0	0	0.6756	0	0.4023	0.57276	0.347	0.23035	0.17218	0.01828	0.57911	0.3977	0	0.2279	0	0	0	0	0	0.35068	0.14218	0.36045	0.17001	0	0	0.33403	0	0.24142	0.36839	0.54969	0
Pseudaminobacter	0	0	0.41498	0	0	0.15608	0.18251	0	0	0	0	0	0	0	0	0	0	0	0.129	0.22063	0	0.11683	0.20212	0	0	0.11679	0.43941	0.24826	0.33836	0	0.26565	0	0	0.36027	0.15969	0.08492
Aminobacter	0.14794	0.15276	0	0	0	0	0	0	0	0	0	0	0	0	0	0	0	0	0	0	0	0	0	0	0	0	0	0	0	0	0.06312	0	0	0	0	0
Zhengella	0.24544	0	0.10934	0	0	0.28675	0.16573	0	0	0	0	0	0	0.08855	0	0	0	0.10931	0.28811	0	0	0.27145	0	0	0.24588	0	0	0.11603	0	0.25212	0.11573	0.20429	0	0	0	0
Tianweitania	0.02017	0	0	0	0	0	0	0	0	0	0	0	0	0	0	0	0	0	0	0	0	0	0	0	0	0	0	0	0	0	0	0	0	0.05688	0	0
Mesorhizobium	0	0	0	0	0.11305	0.18875	0	0	0	0	0	0	0.11856	0	0	0	0	0	0	0	0	0	0	0	0	0	0	0	0	0	0.21042	0	0.1039	0.11106	0.24567	0.16984
Devosia	1.30119	0.52661	0.99645	0.86301	0.71699	0.67151	0.34614	0.50152	1.16219	0.30102	0.29179	0.63173	0.52507	0.73549	0.86548	0.92657	0.90146	0.63336	0.88153	0.76262	0.72924	0.75937	0.56305	0.46085	0.68927	0.49764	0.76554	0.75827	0.33836	1.04532	0.77065	0.46221	0.7976	0.68532	0.58961	0.73746
Arsenicitalea	0	0	0	0	0	0	0.50768	0	0	0	0	0	0	0	0	0.27727	0.44189	0.6848	0.39561	1.06959	0	0.23022	0.26227	0.40211	0.30231	0.36561	0.13388	0.80145	0.97024	0.6119	0.10521	0	0	0	0	0
Ferrovibrio	0	0	0	0.05114	0	0	0	0	0	0	0	0	0	0	0	0	0.02872	0	0	0	0	0	0	0	0	0	0	0	0	0	0	0	0	0	0.06142	0
Bosea	0	0	0	0	0.10115	0	0	0.12434	0	0.13222	0	0	0.05759	0.28043	0	0.09827	0.11047	0	0	0.05756	0	0	0	0	0	0	0	0	0	0	0	0	0.06418	0	0	0
Niveispirillum	0	0	0	0	0.11603	0	0	0	0	0	0	0	0	0.07871	0	0	0	0	0	0	0	0	0	0	0	0	0	0	0	0	0	0	0	0	0	0
Methyloceanibacter	0	0.02814	0.2634	0	0	0	0	0	0	0	0	0	0	0	0	0	0	0	0	0	0	0	0	0	0	0	0.02403	0	0	0	0.09995	0	0	0	0	0.16984
Luteimonas	0.08069	0.39395	0	0.62328	0	0	0	0	0	0.23913	0	0	0	0	0	0	0	0	0.36551	0.14389	0	0.19586	0	0	0.09271	0.05078	0.15448	0.30762	0.20383	0.08215	0	0.02809	0	0.1869	0.23031	0
Cellvibrio	0.28579	0.18894	0.17891	0.13744	0	0	0	0.63001	0	0.52889	0.1585	0.24023	0	0.59528	0.23161	0	0.06849	0	0	0.20145	0	0.14775	0	0.17621	0	0	0.20941	0.16731	0.07746	0.09632	0.1657	0.17109	0.22614	0.29255	0.17197	0
Cavicella	0	0	0	0	0.09223	0	0	0	0	0	0	0	0	0	0.06704	0	0	0	0	0.15348	0	0	0	0	0	0.07109	0	0	0	0	0	0	0.04584	0	0.03685	0
Perlucidibaca	0	0	0	0	0	0	0	0	0	0.0422	0	0	0	0	0	0	0.02651	0	0	0	0	0	0	0	0	0	0	0	0	0	0	0	0	0	0	0
HdN1	0	0	0	0	0	0	0	0	0	0.03939	0	0	0	0.0246	0	0	0.01326	0	0	0	0	0	0	0	0	0	0	0	0	0	0	0	0	0	0	0
Azotobacter	0	0	0	0	0	0	0	0	0	0	0.77089	0.40633	0.82317	0	0	0.56156	0.27176	0	0	0	0	0	0	0	0	0	0	0	0	0	0	0	0	0	0	0
Pseudomonas	0.1244	0.30552	0.56903	1.68126	4.68274	3.14701	1.08249	1.49625	1.42868	1.37287	1.15631	2.17398	1.9851	3.83491	1.5603	5.65421	3.71189	1.11884	0.89013	0.65711	0.11531	0.08934	0.87826	0.81779	1.36644	0.782	1.38347	0.18619	0.51774	0.70254	1.72014	1.74667	3.68853	1.04288	2.42598	1.50174
Steroidobacter	0.56822	1.44317	0.81751	0.66803	1.89214	0.47187	0.47201	2.4537	4.85601	1.19845	3.97335	3.95349	2.96748	1.20287	0.62778	2.72006	1.93771	0.28293	0.1677	0.35013	0.65444	1.16484	0.52456	0.61448	1.0601	0.41639	1.21524	0.29953	0.27721	0.83002	0.82852	0.57201	0.49201	1.97471	1.44023	0.98776
Acidibacter	1.09946	2.07027	1.30954	1.2082	0.30048	0.60617	3.3943	0.16164	0.49596	0.10972	0.11527	0.20464	0.09146	0.25091	0.69483	0.15092	0	1.64611	3.90452	1.80345	6.60683	5.75544	3.61173	4.3826	5.16346	2.49074	1.31479	0.42636	0.88872	0.32861	0.84955	0.93973	1.94054	3.22344	2.37072	2.76661
Candidatus Anadelfobacter	0	0	0	0	0	0	0	0	0	0	0	0	0	0	0	0	0	0	0	0	0	0	0	0	0	0	0	0	0	0	0	0	0	0.01354	0	0
Methylobacter	0.03026	0.03618	0.10188	0	0	0.36298	0	0	0	0	0	0	0	0	0	0	0	0	0	0	0	0	0	0	0	0	0.07552	0	0	0	0.42609	0	1.21016	1.11602	0.11976	1.6984
Stenotrophobium	0	0	0	0	0	0	0	0	0	0	0.03963	0	0	0	0	0	0	0	0	0	0	0	0.11069	0.30723	0.05643	0	0	0	0	0	0	0	0	0	0	0
Candidatus Trichorickettsia	0	0	0	0.22374	0	0	0	0	0	0	0	0	0	0	0	0	0	0	0	0	0	0	0	0	0	0	0	0	0	0	0	0	0	0	0	0
Azospirillum	0	0	0	0	1.63627	0	0	0.38546	2.05789	1.09998	2.3379	0.58427	0.27439	0	0	0.10529	0.05745	0	0	0	0	0	0	0	0	0	0	0	0	0.07082	0	0	0	0	0	0
Dongia	0.40347	0.63917	1.00639	2.56025	0.41948	0.39202	4.29008	0.30257	0	0.21943	0.21614	0.48047	0.83672	0.27551	2.62083	0.12284	0.25188	2.33732	1.59535	1.861	5.02057	4.74177	4.23013	3.67777	3.56725	2.47549	0.92345	2.24243	1.59805	1.33994	0.39716	1.24872	0.34838	0.60134	0.54662	0.17878
Stella	0	0	0	0	0	0	0	0	0	0	0	0	0	0	0	0	0	0	0	0	0	0	0.08903	0	0	0.09902	0	0.05397	0	0	0.06575	0	0.14057	0.13002	0	0
Roseomonas	0	0	0	0	0.1428	0	0	0.09533	0	0	0	0	0.08808	0.16727	0	0.11933	0	0	0.24081	0	0	0	0	0	0	0	0	0	0	0	0	0	0	0	0	0.11621
Candidatus Ovatusbacter	0	0.06432	0	0	0	0	0.03357	0	0	0	0	0.06525	0.00678	0.0738	0	0.04914	0	0	0	0	0	0	0	0	0	0.01523	0	0	0	0.03399	0	0	0	0.02167	0.05528	0
Candidatus Berkiella	0.24544	0.20502	0.23606	0.07032	0	0.11615	0	0.02901	0	0.01407	0	0	0	0.05412	0.19503	0.00351	0.03535	0	0	0	0	0	0	0	0	0	0.11672	0	0	0	0.37348	0.11747	0.11613	0.20857	0.20267	0.2637
Sulfurivermis	0	0	0	0	0	0	0	0	0	0	0	0	0	0	0	0	0	0	0	0	0	0	0	0	0	0	0	0	0	0	0	0	0	0	0.00921	0
Pseudolysobacter	0.21182	0.06834	0	0.07352	0	0	0	0	0	0	0	0	0	0	0	0	0	0	0	0	0	0	0	0	0	0	0	0	0	0	0	0	0	0.02438	0	0
Ahniella	0	0	0.02733	0	0.12793	0.19964	0.1007	0	0	0	0	0.1394	0	0.10823	0.07923	0.10178	0	0	0	0.23982	0	0	0.12031	0	0	0.14726	0.08926	0.93907	0.26498	0	0.26565	0.18641	0	0.55801	0.11669	0.85367
Rhodanobacter	0	0	0	0	0	0	0	0	0	0	0	0	0	0	0	0	0	0	0	0	0	0	0	0	0	0	0	0	0	0.05382	0	0	0	0	0	0
Dokdonella	1.22722	0.27738	0.18637	0.85022	0	0.79855	0.10699	0	0	0	0	0.02076	0	0	1.23728	0	0	0	0	0	0.35839	0.26114	0.32243	0.17169	0	0.31991	1.02987	0	0	0	1.18359	1.62666	1.86108	1.57379	1.65519	1.2738
Stenotrophomonas	0	0	0	0	0	0	0	0	0	0	0	0	0	0	0	0	0	0	0	0	0	0	0	0	0	0	0	0	0	0	0	0	0.10085	0	0	0
Sneathiella	0.05043	0.07638	0	0	0	0	0	0	0	0	0	0	0	0	0	0	0	0	0	0	0	0	0	0	0	0	0	0	0	0	0.05786	0.05363	0.03362	0	0.15354	0.12068
Lysobacter	0.27234	0	0	0.79269	0.19339	0	0.01049	0.16165	0	0.30384	0	0	0.19986	0.12545	0.27427	0	0	0.254	2.44679	0.5324	0	0.01718	0	0	0.2217	0.07871	0	0	0.11414	0.17847	0.03945	0	0.33616	0	0.2856	0
Permianibacter	0	0	0	0	0.13983	0	0	0.09533	0.24428	0.09284	0	0	0.28117	0.0615	0	0.15443	0	0	0	0	0	0	0	0	0	0	0	0	0	0	0	0	0	0	0	0
Rhizobium	0	0	0	0	0	0	0	0	0	0	0	0	0	0	0	0	0.27397	0	0	0	0	0	0	0	0	0	0	0	0	0	0	0	0	0	0	0.08939
Ensifer	0	0	0	0	0	0	0	0	0	0.21943	0	0	0	0	0	0	0	0	0	0	0	0	0	0	0	0	0	0	0	0	0.11047	0	0	0	0	0
Shinella	0.12777	0	0	0	0.476	0.21779	0	1.17296	1.37686	1.22095	0.45029	1.07068	0.50474	0.51657	0	0.55805	0.8396	0.31829	0	0	0	0	0	0	0	0	0	0.16731	0	0	0.12888	0	0.11613	0	0	0
Afipia	0	0	0	0	0	0	0	0	0	0	0.04683	0	0	0	0	0	0	0	0.16771	0.08154	0	0.05841	0	0	0	0	0	0	0	0.18414	0	0	0	0	0	0
Bradyrhizobium	0	0	0	0	0.30643	0	0.30418	0.34401	0	0.2335	0	0.1394	0.22019	0.44031	0	0.35449	0.2563	0.26685	0.28811	0.30697	0.19945	0.19242	0.21415	0.15362	0.37486	0.20058	0	0.11334	0.13453	0	0.12625	0.09704	0.22003	0	0	0
Magnetospirillum	0	0	0	0	0	0	0	0	0	0.0422	0.33501	0	0	0	0	0	0	0	0	0	0	0.32643	0	0	0	0	0	0.03778	0	0.07082	0	0	0	0	0	0
Endobacterium	0	0	0	0	0	0	0	0.19895	0	0	0	0	0	0	0	0	0	0	0	0	0	0	0	0	0	0	0	0	0	0	0	0	0	0	0	0
Pararhizobium	0	0	0	0	0.32725	0	0	0.38132	0	0.40792	0.18012	0.16905	0	0.5633	0	0.3966	0.30932	0	0	0	0	0	0	0	0	0	0	0	0	0	0.03945	0	0.11307	0	0	0
Agrobacterium	0.11095	0	0.10685	0	0.35105	0.22504	0	0.20724	0	0.07314	0	0.35294	0.29133	0.61004	0	0.70897	0.45736	0	0	0	0	0	0	0	0	0	0	0	0	0	0.14466	0.07916	0.29337	0.05688	0	0.12961
Taonella	0	0	0.06461	0	0.11305	0	0.06294	0	0	0	0	0.04449	0	0.07134	0	0.17549	0.15024	0	0	0	0	0	0.05294	0	0	0	0	0	0	0	0.02104	0	0	0	0	0
Chthonobacter	0	0	0	0	0.2618	0	0	0.15336	0.22207	0.27007	0	0	0.1084	0	0	0	0.09722	0	0	0	0	0	0	0	0	0	0	0	0	0	0	0	0	0	0	0
Microvirga	0	0	0	0	0	0	0	0	0	0.10409	0	0	0	0	0	0.12986	0	0	0.19781	0	0	0	0	0	0	0	0	0	0	0.08499	0	0	0	0	0	0
Methylobacterium	0	0	0	0	0	0	0	0	0	0	0	0	0.05759	0	0	0	0	0	0	0	0	0	0	0	0	0	0	0	0	0	0	0	0	0	0.03992	0
Reyranella	0.27235	0.45023	0.56408	0.77351	0.42544	0.5735	0.5832	0.39789	0	0.30102	0.25216	0.16905	0.55556	0.51656	0.85939	0.49488	0.68935	0	0.26231	0.46045	0.28671	0.5051	0.52936	0.17621	0.13302	0.45447	0.40508	0.04587	0.13453	0.38527	0.3314	0.52605	0.42172	0.1842	0.46985	0.29052
Allorhizobium	0	0	0	0	0	0	0	0.19066	0	0	0	0	0	0.15251	0	0	0	0	0	0	0	0	0	0	0	0	0	0	0	0	0	0	0	0	0	0
Neorhizobium	0	0	0	0	0	0	0	0	0	0.17442	0	0.43005	0	0	0	0.14741	0	0	0	0	0	0	0	0	0	0	0	0	0	0	0	0	0	0	0	0
Aureimonas	0	0	0	0	0	0	0	0	0	0	0	0	0	0	0	0	0	0	0	0	0	0	0	0	0	0	0	0	0	0	0	0	0	0	0.09213	0
Pelagibius	0	0	0.06958	0	0	0	0	0	0	0	0	0	0	0	0.10971	0	0	0	0	0	0	0	0	0	0	0	0.10299	0	0	0	0.14466	0.0332	0.13446	0.20587	0.5589	0
Pseudolabrys	0	0	0	0.29086	0	0	0.1993	0	0	0.18567	0	0	0	0	0	0.48786	0.23862	0.18326	0.24081	0.33575	0	0.7147	0.16122	0.71386	0	0.23866	0	0.34001	0.3139	0.43059	0.0868	0.20939	0.30254	0	0.13819	0.30392
Xanthomonas	0	0	0	0	0	0	0	0	0	0	0	0	0	0	0	0	0	0	0.1118	0.1295	0	0	0	0	0	0	0	0	0	0.10482	0	0	0	0	0	0
Ketobacter	0.1244	0.21306	0	0.09909	0	0	0	0	0	0	0	0	0	0	0.07314	0	0	0	0	0	0	0	0	0	0	0	0.10642	0	0	0	0	0	0.0489	0.33318	0	0.0581
Rheinheimera	0	0	0.0497	0.02237	0	0	0	0.11605	0	0.05627	0.04323	0.15126	0.24051	0.12545	0	0	0	0.02572	0	0	0	0	0	0	0	0	0.04463	0	0.09376	0	0	0	0.15279	0	0	0
Tahibacter	0	0.34571	0.12922	0.06712	0	0.15245	0	0	0	0	0	0	0	0	0.16456	0	0	0	0	0	0	0	0	0	0	0	0	0	0	0	0.07102	0.07916	0	0.04876	0	0.10727
Alkanindiges	0	0	0	0	0	0	0	0	0	0	0	0	0	0	0	0	0	0	0	0	0	0	0	0	0	0.10156	0	0	0	0	0	0	0	0	0	0
Amphiplicatus	0	0	0	0	0	0	0	0.13678	0	0	0.07925	0.22837	0.41667	0	0	0	0	0	0	0	0	0	0	0	0	0	0	0	0	0	0	0	0	0	0	0
Aestuariicella	0	0.13668	0	0.18539	0	0	0	0	0	0	0	0	0	0	0.06095	0	0	0	0	0	0	0	0	0	0	0	0	0	0	0	0	0	0	0.19232	0.04606	0
Candidatus Endoecteinascidia	0	0	0	0	0	0	0	0	0	0	0	0	0	0	0	0	0.04861	0	0	0	0	0	0	0	0	0	0	0	0	0	0	0	0.03056	0	0	0
Immundisolibacter	0	0	0	0	0	0	0.0021	0	0	0	0	0	0	0	0.00609	0	0	0	0	0	0	0.00687	0	0	0	0	0	0	0	0	0	0	0	0	0	0
Candidatus Gortzia	0	0	0	0	0	0	0	0	0	0.04501	0	0	0	0	0	0	0	0	0	0	0	0	0	0	0	0	0	0	0	0	0	0	0	0	0	0
Candidatus Bealeia	0	0	0	0	0.01785	0	0	0	0	0	0	0	0	0	0	0	0	0	0	0	0	0.01718	0	0	0	0.03301	0	0	0	0	0	0	0	0	0	0
Candidatus Nucleicultrix	0	0	0	0	0	0	0	0	0	0	0	0	0	0	0	0	0	0	0	0	0	0	0	0	0	0	0	0	0	0	0.01841	0	0	0	0	0
Povalibacter	0	0	0	0	0	0	0	0	0	0	0	0	0.00339	0	0	0	0	0	0	0	0	0	0.12031	0	0.12092	0.05078	0	0	0	0	0	0	0	0	0	0
Aquicella	0	0	0	0.14065	0.00893	0.26498	0.00629	0.08289	0	0	0.21254	0.28472	0.45054	0.09594	0	0.05265	0.05745	0	0.0086	0	0	0	0	0.0994	0.07255	0.15234	0.08582	0.08635	0	0	0	0.09959	0.0489	0.37923	0.34087	0.43354
Legionella	0	0.04422	0.05467	0	0.04165	0	0.03357	0.17408	0	0.30101	0.1657	0.09491	0	0.37881	0	0.20356	0.2121	0	0	0	0	0	0	0	0	0.02539	0	0	0	0	0	0.08171	0	0	0	0
Sulfurifustis	0	0	0	0	0	0	0	0	0	0	0	0	0	0	0	0	0	0	0	0	0	0	0	0.01807	0	0	0	0.09445	0	0	0	0	0	0	0	0
Pseudofulvimonas	0	0	0	0	0	0	0	0	0	0	0	0	0	0	0	0	0	0	0	0	0	0	0	0	0	0	0	0	0	0	0	0	0.1039	0.03251	0	0
Prosthecomicrobium	0	0	0	0	0.06248	0	0	0.12849	0	0.20255	0.07205	0	0.05759	0	0	0	0	0	0	0	0	0	0	0	0	0	0	0	0	0	0	0	0	0	0	0
Phreatobacter	0	0	0	0	0	0	0	0	0	0	0	0	0	0	0	0.31588	0	0	0	0	0	0	0	0	0	0	0.15105	0	0	0	0	0	0	0	0	0
BIyi10	0.16139	0.20502	0.5417	0.33561	0	0.2069	0.01888	0	0	0	0	0	0	0	0.38398	0	0	0.04823	0	0	0	0	0	0	0	0	0.31926	0	0	0.09065	0.32614	0.19663	0.38505	0.11919	0.20574	0.45589
Marinobacter	0	0	0	0	0	0	0	0	0	0	0	0	0	0	0	0	0	0	0	0	0	0	0	0	0	0	0	0	0	0	0	0	0.0275	0	0	0
Acinetobacter	0	0	0	0	0	0	0	0	0	0	0.1621	0	0.19648	0.09347	0	0.60017	0.24966	0	0	0	0	0	0	0	0	0	0	0	0	0	0	0	0	0	0	0
Sporobacter	0	0	0	0	0	0	0	0	0	0	0	0	0	0	0	0	0	0	0	0	0	0	0	0	0	0	0	0	0	0.10765	0	0	0	0	0	0
Christensenellaceae R-7 group	0	0	0	0	0	0	0	0	0	0	0	0	0	0	0	0	0	0	0	0	0	0	0	0	0	0	0	0	0	0.06799	0	0	0	0	0	0
Falsirhodobacter	0	0	0	0	0	0	0	0	0	0	0	0	0	0	0	0	0	0	0	0	0	0	0	0	0	0	0.03433	0	0	0	0	0.03575	0	0	0	0
Fuscovulum	0.18829	0	0.06958	0	0.43733	0	0	0.97815	1.90984	0.75114	0.98343	0.69698	0.64702	0.52887	0	0.40363	0.4198	0	0	0	0	0	0	0	0	0	0.08582	0	0	0	0.08417	0.06639	0	0.10564	0	0
Tabrizicola	0	0	0	0	0.09818	0.07985	0	0	0	0	0	0	0	0.13037	0	0.20006	0	0	0	0	0	0	0	0	0	0	0	0	0	0	0	0.12002	0.26892	0	0	0
Flavimaricola	0	0	0	0	0	0	0	0	0	0	0	0	0	0	0	0	0	0	0	0	0	0	0	0	0	0	0	0	0	0	0	0.02809	0	0	0	0
Rubellimicrobium	0	0	0	0	0.0476	0	0	0.09533	0	0.0647	0	0	0	0.05166	0	0	0.02651	0	0	0	0	0	0	0	0	0	0	0	0	0	0	0	0	0	0	0
Gemmobacter	0	0	0	0	0.15471	0	0	0	0	0	0	0	0	0.06888	0	0	0.07733	0	0	0	0	0	0	0	0	0	0	0	0	0	0	0	0	0	0	0
Cypionkella	0	0	0	0	0.69914	0	0.02937	0.19066	0	0.13222	0	0.1127	0.22696	0.25337	0	0.55453	0.13256	0.28614	0.33111	0.11032	0	0	0	0	0	0	0	0.05937	0.36282	0	0	0	0	0	0	0
Cereibacter	0	0	0	0	0.17255	0	0	0.26526	0	0.11816	0	0	0	0	0	0.0702	0	0	0	0	0	0	0	0	0	0	0	0	0	0	0	0	0	0	0	0
Anaerospora	0	0	0	0	0.02678	0	0	0	0	0.45293	0.50072	0	0	0	0	0	0	0	0	0	0	0	0	0	0	0	0	0	0	0.44193	0	0	0	0	0	0
Candidatus Dichloromethanomonas	0	0	0	0	0	0	0	0	0	0	0	0	0	0	0	0	0	0	0	0	0	0	0	0	0	0	0	0	0	0.06799	0	0	0	0	0	0
Desulfosporosinus	0	0	0	0	0	0	0	0	1.16959	0.19411	0.05043	0	0	0	0	0	0	0	0	0	0	0	0	0	0	0	0	0	0	0	0	0	0	0	0	0
Thermincola	0	0	0	0	0	0	0	0	0	0.03657	0	0	0	0	0	0	0	0	0	0	0	0	0	0	0	0	0	0	0	0	0	0	0	0	0	0
Solirubrobacter	0.63883	0	0.46716	0	0	0	0	0	0	0	0	0	0	0	0.37789	0	0	0	0.15481	0	0	0	0	0	0	0	0.40508	0	0	0	0	0	0	0.04605	0.16583	0.39331
Patulibacter	0	0	0	0.02877	0	0	0	0	0	0	0	0	0	0	0	0	0	0	0	0	0	0	0	0	0	0	0	0	0	0	0	0	0	0	0	0
Conexibacter	0	0	0	0.57534	0	0	0	0	0	0	0	0	0	0	0	0	0	0	0	0	0	0	0	0	0	0	0	0	0	0	0	0	0.60813	0.14627	0	0
Bryobacter	1.99381	1.45924	1.71955	1.37121	0.14876	1.21234	0.74894	0	0	0	0	0	0.12873	0.08118	1.46888	0.07721	0.39107	0.59479	0.44721	0.62834	1.0253	0.79374	1.09001	0.70935	0.5885	0.64744	1.36973	0.28873	0.35059	0.3626	1.43608	1.47855	1.0818	1.49254	1.18842	0.76876
Desertimonas	0	0	0	0	0	0	0	0	0	0	0	0	0	0	0	0	0.19885	0	0	0	0	0	0	0	0	0	0	0	0	0	0	0	0	0	0	0
Porticoccus	0	0	0	0.04475	0	0	0.01468	0.03316	0	0.03095	0	0	0	0	0	0	0	0	0	0	0	0	0	0.06325	0	0	0	0	0.07746	0.05949	0	0.05618	0	0.05147	0	0
Buchnera	0.08742	0	0	0	0	0	0	0	0	0	0	0	0	0	0	0	0	0	0	0	0	0	0	0	0	0	0	0	0	0	0	0	0	0	0	0
WY65	0	0	0.05218	0	0.10413	0.098	0.1909	0.03316	0	0	0	0	0	0	0.10971	0.05616	0	0.25399	0.1204	0.08154	0.25243	0	0.16603	0	0	0	0	0.07556	0	0	0.06049	0.11236	0	0	0	0.17431
Phaselicystis	0	0	0.18389	0	0	0.44284	0.13636	0	0	0	0	0	0	0	0.00609	0	0	0.09967	0	0.11991	0.20256	0.1718	0.36574	0.25754	0.02418	0.39862	0.14418	0	0.18345	0.28895	0.18937	0.32686	0.14669	0.1544	0	0.54528
KD3-10	0	0	0	0	0	0	0	0	0	0	0	0	0	0	0	0	0	0	0	0.06715	0	0	0	0	0.05643	0	0	0.04048	0	0	0	0	0.0764	0.0298	0	0
Iamia	0.6859	0	0.46965	0.54977	0	0.84211	0.45523	0.31086	0	0.4248	0.21254	0.20464	0.38618	0.19679	0.20113	0.61772	0.24525	0	0.0688	0.11032	0	0	0.7363	0	0	0.52303	0.45314	0	0	0.017	0.73383	0	0.61119	0	0	0
Anaeromyxobacter	0	0.02814	0	0	0.00893	0	0	0.1948	0	0.45012	0.21614	0	0	0	0	0	0	0	0	0	0	0	0	0	0	0	0	0	0	0	0	0	0	0	0	0
Caulobacter	0.13113	0.40601	0.09443	0.16621	0.22015	0.48639	0.17832	0.18651	0	0.26726	0.16571	0.35294	0.24729	0.0492	0	0.31588	0.14803	0	0	0.46045	0	0	0.20934	0.12651	0.29425	0	0.28836	0.1781	0	0.24646	0.2525	0.42646	0.22308	0	0.32551	0.50952
Brevundimonas	0	0.19698	0	0.22374	0.0833	0.29038	0	0.08704	0	0.04783	0	0	0.05759	0	0	0	0	0	0	0	0	0	0	0	0	0	0.13731	0	0	0	0.02893	0.09704	0.21392	0	0.24567	0
Asticcacaulis	0.15467	0	0.06461	0.04475	0.1904	0	0	0.16164	0.25909	0.08158	0	0.10677	0.10163	0.12299	0	0.09125	0.17455	0.08359	0.0903	0.1343	0	0.13057	0.05294	0	0	0	0.17508	0.11334	0.15084	0.29461	0.08153	0.06895	0.23225	0	0.0952	0.11174
Pajaroellobacter	0.05043	0	0.08449	0	0	0.08711	0.07552	0	0	0	0	0	0	0.12791	0	0.0737	0.16791	0	0	0	0	0	0.22618	0	0	0.03808	0	0.12143	0	0	0.06312	0	0.14363	0.0623	0.0737	0.2056
Gaiella	0	0	0	0	0.13388	0	0.12167	0.19895	0	0.7202	0.21974	0.32624	0.18631	0	0	0	0	0	0	0	0	0	0	0	0	0	0	0	0	0	0	0	0	0	0	0
Aetherobacter	0	0	0	0	0	0	0.10699	0	0	0	0	0	0	0	0	0	0	0	0	0	0.08726	0	0	0	0	0	0	0	0	0	0	0	0	0	0	0
YC-ZSS-LKJ147	0	0	0	0	0.13685	0	0.07972	0	0	0.11253	0	0	0	0	0	0.15092	0.26735	0.40188	1.32875	0.40769	0	0.09277	0	0	0	0	0.67628	0	0	0.20113	0	0	0.17113	0	0	0
Longimicrobium	0	0	0.11928	0	0	0	0	0	0	0	0	0	0	0	0	0	0	0	0	0	0	0	0	0	0	0	0	0	0	0	0	0	0	0	0	0
Oleisolibacter	0	0	0	0	0	0	0.0021	0	0	0	0	0	0	0	0	0	0	0	0	0	0	0	0	0	0	0	0	0	0.00408	0	0	0	0	0	0	0
Polyangium	0	0	0	0	0	0	0	0	0	0	0	0	0	0	0	0	0	0	0	0	0	0	0	0	0	0	0	0	0	0	0	0	0.04584	0	0	0
Chitinilyticum	0	0	0	0	0	0	0	0	0	0	0	0	0	0	0	0	0	0	0	0.32136	0	0	0	0.02711	0	0	0	0	0	0	0	0	0	0	0	0
Hirschia	1.05911	0.51857	0.73304	0.64246	0.40758	0.95099	1.00487	0	0	0	0	0.13346	0.15583	0.48705	1.24946	0.17549	0	1.00309	1.87917	0.94488	2.19397	2.79008	0.97693	2.01509	1.85418	1.07398	1.3148	0.82304	1.34937	0.87536	1.29669	1.14402	1.4363	1.23791	1.68284	1.54197
UKL13-1	0	0	0	0.04155	0	0	0	0	0	0	0	0	0	0	0	0	0	0	0	0	0	0	0	0	0	0	0	0	0	0	0	0	0	0	0	0
Chitinibacter	0	0	0	0	0	0	0	0	0	0.09002	0	0	0	0	0	0	0	0	0	1.50607	0	0	0	0	0	0	0	0	0	0	0	0	0	0	0	0
Defluviicoccus	0	0	0	0	0	0	0	0	0	0	0	0.05339	0	0	0	0	0	0	0	0	0	0	0	0	0	0	0	0	0	0	0	0	0	0	0	0
Nordella	0	0	0	0	0.1071	0.07985	0.15314	0	0	0.29821	0.17651	0	0	0.2878	0	0.47733	0.52585	0.06109	0.1333	0	0	0.08247	0.12512	0	0	0.1498	0	0.06206	0	0.11615	0	0	0	0	0	0
Candidatus Alysiosphaera	0	0	0	0	0.0714	0	0	0	0	0	0	0	0	0	0	0	0	0	0	0	0	0	0	0	0	0	0	0	0	0	0	0	0	0	0	0
CSP1-2	0	0	0.13915	0	0	0	0	0	0	0	0	0	0	0	0.14628	0	0	0	0	0	0	0	0	0	0	0	0	0	0	0	0.09206	0.01788	0	0.14086	0	0.15196
Aquincola	0	0	0	0	0	0	0	0	0	0	0.0072	0	0	0	0	0	0	0	0	0	0	0	0	0	0	0	0	0	0	0	0	0	0	0	0	0
Crinalium SAG 22.89	0	0	0	0	0	0	0	0	0	0	0	0.03262	0	0	0	0	0	0	0	0	0	0	0	0	0	0	0	0	0	0	0	0	0	0	0	0
Phormidium IAM M-71	0	0	0	0	0.07438	0	0	0	0	0	0	0.13643	0	0	0	0	0	0	0	0	0	0	0	0	0	0	0	0	0	0	0	0	0	0	0	0
Cephalothrix SAG 75.79	0	0	0	0	0	0	0	0	0	0	0	0	0	0.0246	0	0	0	0	0	0	0	0	0	0	0	0	0	0	0	0	0	0	0	0	0	0
Nostoc PCC-73102	0	0	0	0	0	0	0	0	0	0	0	0	0	0.02214	0	0	0	0	0	0	0	0	0	0	0	0	0	0	0	0	0	0	0	0	0	0
Leptolyngbya ANT.L52.2	0	0	0	0	0	0	0	0	0	0	0	0	0	0	0	0.02106	0	0	0	0	0	0	0	0	0	0	0	0	0	0	0	0	0	0	0	0
Glycomyces	0	0	0.18637	0	0	0	0	0	0	0	0	0	0	0	0	0	0	0	0	0	0	0	0	0	0	0	0	0	0	0	0	0	0	0	0	0
Geothrix	0	0	0	0	0	0	0	0.1575	0	0	0	0	0	0	0	0	0	0	0	0	0	0	0	0	0	0	0	0	0	0	0	0	0	0	0	0
Candidatus Nitrosoarchaeum	0.03362	0	0.02236	0.09588	0.03273	0	0.14056	0.01658	0	0	0.0072	0	0	0.04674	0.03047	0.07721	0.01105	0.10931	0	0	0	0	0	0.14458	0	0	0	0.01349	0	0	0.02893	0.11492	0.01222	0	0	0
Desulfuromonas	0	0	0	0	0	0	0	0.08289	0	0.50639	0	0	0	0	0	0	0	0	0	0	0	0	0	0	0	0	0	0	0	0	0	0	0	0	0	0
Pelotalea	0	0	0	0	0.89549	0	0	1.27657	4.60435	0.07596	0.18732	0.69104	0	0	0.06704	0	0	0	0.0903	0	0	0	0	0.33434	0.18945	0	0	0	0	0.34844	0	0	0	0	0	0
Archangium	0	0	0	0	0	0	0	0	0	0	0	0	0	0	0	0	0	0	0	0	0	0	0	0	0	0	0	0	0	0	0	0	0	0.11377	0	0
Geobacter	0	0	0	0	0	0	0	0.21138	0	0.11534	0	0	0	0	0	0	0	0	0	0	0	0	0	0	0	0	0	0	0	0	0	0	0	0	0	0
Geomonas	0	0	0	0	0.40758	0	0	1.07349	1.62854	2.72042	2.87825	0.48344	0	0	0	0.24217	0	0.57549	0.24511	0.2638	0.25244	0.36766	0	0.50603	0	0.21073	0	0.29413	1.064	2.58075	0	0	0	0	0	0
Desulfitibacter	0	0	0	0	0	0	0	0	0	0	0	0	0	0	0	0	0	0	0	0	0	0	0	0	0	0	0	0	0	0	0	0	0	0	0.00921	0
Chitinimonas	0	0	0	0	0.20528	0	0	0.28598	0	0.04783	0	0.14532	0	0	0	0	0	0	0	0	0	0	0	0	0	0	0	0	0	0	0	0	0	0	0	0
Paucibacter	0.05043	0	0.0323	0.13105	0.38081	0.22505	0.23915	0.04145	0	0.27289	0.13329	1.79435	0.36925	0.49442	0.17675	0.68791	0.15245	0	0	0	0	0	0.1901	0	0.55625	0	0.16478	0	0	0	0.06312	0.04342	0.11918	0	0.16583	0.12961
Vogesella	0	0	0	0	0	0	0	0.11191	0	0.01407	0	0.05339	0	0.11561	0	0	0	0	0	0	0	0	0	0	0	0	0	0	0	0	0	0.05363	0	0	0	0
Roseateles	0	0	0.05964	0.05434	0	0	0	0	0	0	0	0	0	0	0.04876	0	0.39991	0	0	0	0	0	0.03369	0	0	0	0.02403	0	0	0	0	0	0	0	0	0
Inhella	0	0	0	0	0	0	0	0.38961	0	0.15192	0.14049	0.38556	0.40312	0.35422	0	0.42468	0.31816	0	0	0	0.13089	0	0	0.12199	0	0	0	0	0	0	0	0	0	0	0	0
Leptothrix	0	0	0	0	0.36891	0.08711	0	0	0.22207	0.17442	0.50071	0	0.08808	0.19433	0	0	0	0	0	0	0	0	0	0	0	0.03808	0	0	0	0	0	0	0	0	0.13512	0.04916
Ideonella	0	0	0	0	0.53253	0	0	0.38132	0	0.46419	0.98704	0.66435	1.96138	1.17826	0	0.48434	0.95891	0	0	0.03357	0	0	0	0	0.20154	0	0	0	0	0.05382	0	0	0	0	0	0
Polaromonas	0	0	0	0	0	0	0	0	0	0	0	0	0	0	0	0.13688	0.15466	0	0	0	0	0	0	0	0	0	0	0	0	0	0	0	0	0	0	0
Hylemonella	0	0	0	0	0	0	0	0	0	0	0	0	0	0	0	0	0	0	0	0	0	0	0	0	0.02015	0	0	0	0	0	0	0	0	0	0	0
Rhodoferax	0.08742	0	0.11431	0.18858	0.23205	0.42105	0	0.25283	0	0	0.13329	0	0.26762	0.50674	0	0.54051	0.32699	0	0	0	0	0	0	0.16717	0.28619	0.05078	0	0	0	0	0.32088	0.20685	0.48284	0.28984	0.30401	0.79557
IS-44	2.42081	2.12253	0.55164	1.8251	0.89252	1.01634	1.06151	0.7046	0	0.23631	0.85375	0.32031	0.77236	0.76255	0.90204	0.87393	1.09147	1.71682	2.11137	2.686	2.24072	1.17857	1.53997	0.99851	0.76988	1.73918	1.27703	2.60672	2.08317	2.94334	1.00999	1.33299	1.09403	1.04288	0.71859	1.00117
MM2	0	0	0.05218	0	0.16363	0	0	0.24454	0	0.27288	0.17651	0.70885	0.61653	0.70106	0.03657	0.67037	2.07247	0	0.0172	0.06715	0	0.07216	0	0	0	0	0	0	0.07746	0.21813	0	0	0	0	0	0
Methylovorus	0	0	0	0	0	0	0	0	0	0	0	0	0	0	0	0	0.0243	0	0	0	0	0	0	0	0	0	0	0	0	0	0	0	0	0	0	0
Azospira	0	0	0	0	0	0	0	0.02901	0	2.17183	0.53674	0.05042	0	0	0	0	0	0	0	0	0	0	0	0	0	0	0	0	0	0.11332	0	0	0	0	0	0
Azoarcus	0	0	0	0	0.12495	0	0	0	0	0	0.03963	0	0	0	0	0	0.03314	0	0	0	0	0	0	0	0	0.03301	0	0	0	0	0	0	0	0	0	0
Dechlorobacter	0	0	0	0	0.07438	0	0	0.13678	0	0.40792	0	0	0	0	0	0.03159	0	0	0	0	0	0	0	0	0	0	0	0	0	0	0	0	0	0	0	0
GOUTA6	0	0	0	0	0	0	0	0	0	0	0	0	0	0.01968	0	0	0	0	0	0	0	0	0	0	0	0	0	0	0	0	0	0.02298	0	0	0	0
Uliginosibacterium	0.19165	0	0	0	0	0.05445	0	0.02487	0	0	0	0	0	0	0	0	0	0	0	0	0	0	0	0	0	0	0	0	0	0	0.07628	0	0	0	0	0
Nitrosomonas	0	0.08442	0.08946	0	0	0	0	0	0	0	0	0.19575	0	0	0	0	0	0	0	0	0	0	0	0	0	0	0	0	0.06115	0	0.03945	0.02809	0	0.10022	0.05221	0
Acidovorax	0.07397	0	0.07206	0.04475	0.08925	0.19964	0	0.45592	0	0.03657	0.02882	0.40039	0.17954	0.40834	0.09142	0.07371	0.38887	0	0	0	0	0	0	0	0.12495	0.0457	0.07896	0	0	0.07082	0.0526	0	0.12224	0	0.06449	0.08492
Xylophilus	0	0	0	0	0.17256	0	0	0.16165	0	0	0	0.06228	0	0.14513	0	0.09126	0.01105	0	0	0	0	0	0	0.04066	0.01612	0	0.14762	0	0.06115	0	0	0.21195	0	0	0.05835	0
Variovorax	0	0	0	0.18858	0.40758	0	0.16363	0.28184	0	0	0	0	0	0.35914	0	0.42468	0.32921	0	0	0.48923	0	0	0.24062	0.54218	0.39501	0.04062	0	0	0	0	0	0.09448	0.46756	0	0	0
Rhizobacter	0	0	0	0	0.11901	0	0	0.08704	0	0.07877	0.19091	0.10084	0.03049	0.39112	0	0.01755	0	0	0	0	0	0.07559	0	0	0	0	0	0	0	0	0	0.1711	0.09779	0	0	0
Rubrivivax	0	0	0	0.0799	0.86276	0	0	0.9077	0	0.66393	0.44308	1.05881	0.07791	0.18941	0	0.10529	0.11048	0	0.086	0.01919	0	0	0	0	0.02822	0	0	0	0.02446	0	0	0	0.00611	0.04334	0	0
[Polyangium] brachysporum group	0	0	0	0	0	0	0.17622	0	0	0	0	0.1216	0	0	0	0	0	0	0	0	0	0	0	0	0	0	0	0	0	0	0	0	0	0	0	0
MND1	0.47072	0.36582	0.41995	0.56255	0	1.31399	1.02166	0.59269	0	0.41073	0.54035	0.43302	0.66057	0.49934	0.3596	0	0.34026	0.90342	1.44914	1.52525	0.30541	1.39848	1.16942	1.79822	1.58814	0.84293	0.55956	1.15495	1.01917	0.77903	0.79958	0.44944	1.54631	0.87223	0.54048	0.83579
Methylotenera	0.10087	0.13266	0.02485	0.17579	1.41018	0.3049	0	0.63828	0	0	0.27377	0	0.12534	0.51657	0.73139	0.72652	0.16129	0.35044	0	0.44127	0	0	0	0	0	0	0.72091	0.09175	0	0.23513	1.1231	0.82226	0.76704	0.0921	0.62032	0.29499
Sulfuritalea	0	0	0	0	0	0	0	0.02487	0	0	0	0	0	0	0	0	0	0	0	0	0	0	0	0	0	0	0	0	0	0.64306	0	0	0	0	0	0
Georgfuchsia	0	0	0.12673	0.1726	0	0	0	0	0	0	0	0	0	0.09594	0	0	0	0	0	0	0	0	0	0	0	0	0	0	0	0	0.14729	0	0	0.26546	0	0.16984
Caenimonas	0	0	0.0323	0.05753	0.25883	0	0	0.13263	0	0.22506	0	0.09787	0.27439	0.34193	0	0.49137	0.60982	0	0	0.24941	0	0	0	0	0	0.12695	0.14418	0.04587	0.15491	0	0.07102	0.05107	0.16808	0.13002	0	0.18324
Ramlibacter	0	1.03716	0.03727	0.4283	0.06545	0	0.05245	1.04446	0	1.09717	0.73487	0.57538	1.44309	0.51411	0.52416	0.90901	1.59744	1.29245	0.91163	1.17512	0	0.37109	0.18769	0	0.29828	0.06094	0.41195	0.92557	0.57073	1.33993	0	0	0	0.15982	0.27023	0
Duganella	0	0	0.17395	0.27169	0.02083	0	0.12378	0.13678	0	0.35728	0.09726	0.19871	0.32182	0.25336	0.42055	0.52647	0.36235	0.1704	0	0	0.11842	0	0	0	0	0.17265	0.06522	0	0	0	0	0	0	0.03521	0	0
Massilia	0	0	0.25843	0	0.0357	0	0	0.10776	0	0.17442	0	0	0	0.57807	0	0.0351	0.18559	0	0	0	0	0	0	0	0	0	0.13732	0	0	0	0.05523	0	1.24072	0.11919	1.37576	0.3084
Hydrogenophaga	0.40011	0.25326	0	0.4411	0.39865	0	0	0.46006	0	0	0.45749	0.24024	0.2981	0.22876	0.27427	0.30886	0	0	0	0	0	0	0	0	0	0	0	0	0	0.31161	0.37349	0	0.32699	0.41715	0.28252	0.24582
Candidatus Symbiobacter	0	0	0	0	0	0	0	0	0	0	0	0	0	0	0	0	0	0	0	0	0	0	0	0	0	0	0	0	0	0	0	0	0	0	0	0.04023
Aquabacterium	0	0	0	0	0.08925	0	0	0	0	0	0	0.17795	0	0	0	0	0	0	0	0	0	0	0	0	0	0	0	0	0	0	0	0	0	0	0	0
Xenophilus	0	0	0	0	0	0	0	0	0	0	0	0	0	0	0	0	0	0	0	0	0	0	0.05053	0	0	0	0	0	0	0	0	0	0	0	0	0
Pseudorhodoferax	0	0	0	0	0	0	0	0	0	0	0	0	0	0	0	0	0	0	0	0	0	0	0	0	0	0	0	0	0	0	0	0	0.14669	0	0	0
Curvibacter	0.05043	0	0.07703	0.07991	0.44626	0	0	0.15336	0.26649	0	0.24496	1.27532	0.37263	0.45753	0	0.2843	0.2342	0.06752	0.0731	0	0	0	0	0	0.03225	0.01523	0	0.05127	0	0.05666	0.08417	0	0	0.05418	0.08905	0.07151
Limnobacter	0.97505	0	0.19631	0.06712	0	0	0	0	0	0.15192	0	0	0	0.0615	0	0	0.2099	0.43724	0.47302	0	0	0	0	0	0	0.46971	0	0	0.08153	0	0	0.12002	0.48284	0.06501	0.23646	0
Aromatoleum	0	0	0	0	0.12793	0	0	0.04145	0.17766	2.06493	0.25576	0.11271	0	0	0	0	0	0	0	0	0	0	0	0	0	0	0	0	0	0	0	0	0	0	0	0
Ferribacterium	0	0	0	0	0.238	0	0	0.28184	2.52424	0.53452	1.63185	1.30498	0.12195	0.17957	0	0	0	0	0	0	0	0	0	0	0	0	0	0	0.06115	1.47592	0	0	0	0	0	0
Dechloromonas	0	0	0	0	0.63369	0	0	0.78336	1.70257	2.09587	5.52233	2.26592	0.07114	0	0	0.18953	0.04861	0	0	0	0	0.12713	0	0	0.10077	0.03808	0	0	0	0.06799	0	0	0	0	0	0
DSSD61	0	0	0	0	0.09818	0	0.15314	0	0	0	0	0.08601	0.15583	0.0369	0	0.09827	0.09059	0	0	0	0	0	0	0	0	0.08633	0	0	0	0	0	0	0	0	0	0
Verminephrobacter	0	0	0	0	0	0	0	0	0	0	0	0	0	0	0	0	0	0	0	0	0	0	0	0	0	0	0	0	0	0	0	0	0	0	0.28252	0
Caldimonas	0	0	0	0	0	0	0	0	0	0	0	0	0.09485	0.29764	0	0	0.41317	0	0	0	0	0	0	0	0	0	0	0	0	0	0	0	0	0	0	0
Methylibium	0	0	0	0	0.12198	0	0	0.02072	0	0	0	0.18982	0.4065	0.12791	0	0.18953	0.10384	0	0	0	0	0	0	0	0	0	0	0	0	0	0	0	0.31476	0	0	0
Azohydromonas	0	0	0	0	0.04165	0	0	0	0	0.15192	0	0	0	0	0	0.18602	0.05082	0	0	0	0	0	0	0	0	0	0	0	0	0.21813	0	0	0	0	0	0
Methylobacillus	0.10087	0.23316	0.14909	0.18858	0.22313	0	0	1.17296	0.74765	0.39948	1.18876	1.46218	1.60907	0.32716	0.45103	1.42146	2.37076	0.61729	0.92883	1.09837	0	0	0	0	0	0.01777	0.21628	2.19926	0.09376	0.27195	0.20779	0.16343	0.01528	0.20858	0.08906	0.06257
Methylophilus	0	0	0	0.09589	0.41353	0	0	0.62585	0	0.25882	0.22334	0.88383	0.4878	0.71089	0	0.69493	0.47503	0	0	0	0	0	0	0	0.06449	0	0	0	0	0	0.08154	0	0.13446	0	0.15354	0
UBA6140	2.05096	2.11047	0.53674	1.41916	0	0.26497	0	0	0	0	0	0	0	0	0.77406	0	0	0	0	0.15348	0	0	0	0	0	0	0.2403	0	0	0	0.47869	0.78141	0.44006	1.67132	0.69401	1.17995
Candidatus Methylopumilus	0	0	0	0	0	0.14156	0	0	0	0	0	0	0	0	0	0	0	0	0	0	0	0	0	0	0	0	0	0	0	0	0	0	0	0	0	0
Comamonas	0	0	0	0	0	0	0	0	0.44415	0	0	0	0	0	0	0	0	0	0	0	0	0	0	0	0	0	0	0	0	0	0	0	0	0	0	0
Lacisediminimonas	0	0	0	0	0	0	0	0	0	0.03095	0	0	0	0	0	0	0	0	0	0	0	0	0	0	0	0	0	0	0	0	0	0	0	0	0	0
Lautropia	0	0	0	0	0	0	0	0.05388	0	0	0	0.05932	0.08469	0	0	0	0	0	0	0	0	0	0	0	0	0	0	0	0	0	0	0	0	0.02438	0	0
Paralcaligenes	0	0	0	0	0	0	0	0	0	0	0	0	0	0	0	0.00351	0	0	0	0	0	0	0	0	0	0	0	0	0	0	0	0	0	0	0	0
Achromobacter	0	0	0	0	0	0	0	0	0	0	0	0	0	0	0	0	0.05745	0	0.0688	0	0	0	0	0	0	0	0	0	0	0	0	0	0	0	0	0
Eoetvoesia	0	0	0	0.02877	0	0	0	0	0	0	0	0	0	0	0	0	0	0	0	0	0	0	0	0	0	0	0	0	0	0	0	0	0	0	0	0
Nitrosospira	0	0	0	0	0	0	0	0	0	0	0	0	0	0	0	0	0	0	0	0.03837	0	0	0	0	0	0	0	0	0	0	0	0	0	0	0	0
mle1-7	0	0	0	0	0	0.09437	0	0.19481	0	0	0.29178	0.20464	0.42006	0	0	0	0.00884	0	0	0	0	0	0	0	0	0	0	0	0	0	0.11573	0.15066	0.17725	0.29526	0.1474	0.09833
Piscinibacter	0	0	0.01491	0	0.70509	0.00363	0.16153	0.63	0	0	0.94022	0.63469	0.49119	0.42309	0	0.62474	0.06186	0	0	0	0	0.24053	0	0.83586	0.41114	0	0	0	0	0	0	0.04597	0.12835	0	0	0
Parvibium	0	0	0	0	0	0	0	0.01658	0	0	0.01081	0	0	0.00738	0	0	0	0	0	0	0	0	0	0	0	0	0	0	0	0	0	0	0	0	0	0
Ellin6067	0.11095	0.79997	0.41001	0.72236	0.69023	1.94555	0.0986	0.72948	1.85802	1.23783	0.76008	1.14186	1.44648	0.78714	1.49327	0	0.56782	0.74588	1.36314	1.20869	0.3615	0.25084	0.28634	1.75304	0.43936	0.19296	0.69688	1.31686	1.15777	0.16997	0.61284	1.26915	1.91302	0.49842	0.30401	0.17431
Undibacterium	0	0	0	0	0	0	0	0.06631	0	0	0.1549	0	0	0	0	0	0	0	0	0	0	0	0	0	0	0	0	0	0	0	0	0	0	0	0	0
Pseudoduganella	0	0	0	0	0	0.13067	0	0	0	0	0	0	0	0	0	0	0	0	0	0	0	0	0	0	0.18542	0	0	0	0	0	0	0.1047	0	0	0.04299	0
Derxia	0	0	0	0	0	0	0	0	0	0	0	0	0	0	0	0	0	0	0	0	0	0	0	0	0	0	0	0.02429	0	0	0	0	0	0	0	0
Burkholderia-Caballeronia-Paraburkholderia	0	0	0	0	0	0	0	0	0	0	0	0	0	0	0	0	0	0	0	0	0	0.09621	0	0	0	0	0	0	0	0	0	0	0	0	0	0
Cupriavidus	0	0	0	0	0	0	0	0	0	0.02813	0.05764	0	0	0.0615	0	0.12986	0.13035	0.02572	0.20641	0	0	0	0	0	0	0	0	0	0	0	0	0	0	0	0.12898	0
Noviherbaspirillum	0	0	0	0	0	0	0	0	0	1.29691	0	0	0	0	0	0	0.08838	0	0	0	0	0	0	0	0.19348	0	0	0	0	0	0	0	0	0	0	0
Castellaniella	0	0	0	0	0	0	0	0	0	0	0	0	0	0	0	0	0	0	0	0	0	0	0	0	0	0	0	0	0	0	0	0	0	0.06772	0	0
Pusillibacter	0	0	0	0	0	0	0	0	0	0	0	0	0	0	0	0	0	0	0	0	0	0	0	0	0	0	0	0	0	0	0.06312	0	0.09168	0	0	0.1028
Parapusillimonas	0	0	0	0	0	0	0	0	0	0	0	0	0	0	0	0	0	0	0	0	0	0	0	0	0	0	0	0	0	0	0	0	0	0.04876	0	0
Thauera	0	0	0	0	0	0	0	0	0	0	0	0	0	0	0	0	0	0	0	0	0	0	0.03369	0	0	0.07363	0	0	0	0	0	0	0	0	0	0
Candidatus Nitrotoga	0	0	0	0	0	0	0	0	0	0.02532	0	0	0.10501	0	0	0.04563	0.12373	0.01286	0	0.00959	0	0	0	0	0	0	0	0	0	0	0	0	0	0	0	0
oc32	0	0	0	0	0	0	0	0	0	0	0	0	0	0	0	0.05265	0	0	0	0	0	0	0	0	0	0	0	0	0	0	0	0	0	0	0	0
Leeia	0	0	0	0	0.0357	0	0	0	0	0	0	0	0.04065	0.01968	0	0.08775	0.15466	0	0	0	0	0	0	0	0	0	0	0	0	0	0	0	0	0	0	0
Rivibacter	0	0	0	0	0	0	0	0	0	0	0	0	0	0	0	0.05967	0.08838	0	0	0	0	0	0	0	0	0	0	0	0	0	0	0	0	0	0	0
Thiobacillus	0	0	0	0	0.07438	0	0	0.09118	0	0	0	0	0	0	0	0.06318	0.04861	0	0	0	0	0	0	0	0	0	0	0	0	0	0	0	0	0	0.17811	0
Methyloversatilis	0	0	0	0	0.08628	0	0	0.04559	0	0.0844	0.04323	0.09787	0	0	0	0	0.11489	0	0	0	0	0	0	0	0	0	0	0	0	0	0	0	0	0	0	0
Denitratisoma	0	0	0	0	0.13983	0	0	0	0	0	0.04323	0	0.13211	0	0	0	0	0	0	0	0	0	0	0	0	0	0	0	0	0	0	0	0	0	0	0
Turneriella	0	0	0	0	0	0	0	0	0	0	0	0	0	0.04674	0	0	0	0.04823	0	0	0	0.05498	0	0	0	0	0	0	0	0	0	0	0	0	0	0
Leptospira	0	0	0	0	0	0	0	0	0	0	0	0	0	0	0	0	0	0	0	0	0	0.02405	0	0	0.03225	0	0	0	0	0	0	0	0	0.01896	0	0
Truepera	0	0	0.05467	0	0	0	0	0	0	0.02251	0.03602	0	0	0	0	0	0	0	0	0	0	0	0	0.05422	0	0	0	0	0	0	0	0	0	0.05959	0.27331	0
Chthonomonas	0	0	0	0	0.0357	0	0	0.08289	0	0.04783	0.04683	0.07415	0.08469	0	0	0.03159	0.04861	0	0	0	0	0	0	0	0	0	0	0	0	0	0	0	0	0	0	0
Armatimonas	0	0	0	0	0.05058	0	0	0	0	0	0	0	0	0	0	0	0	0	0	0	0	0	0	0.05422	0	0	0	0	0	0	0	0	0	0	0	0
Micropepsis	0	0	0	0	0	0	0	0	0	0	0	0	0	0	0	0	0	0	0	0.05276	0	0	0	0	0	0	0	0.33191	0.11007	0.16713	0	0	0	0	0	0
Oleiharenicola	1.02884	0.39798	0.67588	0.90456	1.34473	1.26316	2.28457	1.48795	1.67296	1.04653	0.70605	1.09737	0.78591	1.32094	0.19504	0.45276	0.89705	1.94511	1.10514	1.29502	1.42733	1.41566	2.05973	2.55726	2.20484	2.46534	0.65567	1.26829	1.05178	1.932	0.52866	0.57201	0.34533	0.29798	0.23645	0.57209
Opitutus	0.16475	0.09648	0.21122	0.6968	0.51469	0.14156	1.04891	0.21553	0	0.47545	0	0	0.19986	0.5461	0.37788	0.02106	0.80423	1.01274	0.46442	0.50362	0.88507	0.59101	0.74834	0.28012	0.40308	0.73885	0.15105	0.84462	1.77741	1.53825	0.23935	0.05363	0.24754	0.19504	0	0.31734
Cephaloticoccus	0	0	0	0	0.05653	0	0	0	0	0	0	0	0	0	0	0	0	0	0	0	0	0	0	0	0	0	0	0	0	0	0	0	0	0	0	0
IMCC26134	0.09414	0	0	0	0.07735	0	0	0.27355	0	0	0	0	0.08469	0.15743	0	0.11231	0.16129	0	0	0	0	0	0	0	0	0	0	0.06746	0	0	0	0	0	0	0	0
Alterococcus	0	0	0	0	0	0	0	0	0	0	0	0	0	0	0	0	0	0.0643	0	0	0.04986	0.04467	0.0385	0	0	0.03301	0	0	0.1223	0	0	0	0.05806	0.05418	0	0
